ti:
##freq 50.325
12237.3	-0.0783812
12227.5	-0.117981
12217.7	0.274319
12208	1.46412
12198.2	2.97272
12188.4	3.96292
12178.7	4.27872
12168.9	4.40572
12159.1	4.50632
12149.4	1.38706
12139.6	0.895444
12129.8	0.498511
12120.1	0.0614586
12110.3	-0.617312
12100.5	-1.1552
12090.8	-1.21591
12081	-0.867226
12071.2	-0.20326
12061.5	0.448893
12051.7	0.498234
12041.9	-0.164336
12032.2	-1.08472
12022.4	-1.8969
12012.6	-2.4877
12002.9	-2.7628
11993.1	-2.58081
11983.3	-1.89212
11973.6	-0.878538
11963.8	0.147844
11954	0.928625
11944.3	1.26171
11934.5	1.07979
11924.8	0.545271
11915	-0.143842
11905.2	-0.846652
11895.5	-1.30816
11885.7	-1.32875
11875.9	-1.16595
11866.2	-1.27933
11856.4	-1.6555
11846.6	-1.88087
11836.9	-1.80512
11827.1	-1.70456
11817.3	-2.02568
11807.6	-3.045
11797.8	-4.39199
11788	-5.34827
11778.3	-5.87264
11768.5	-6.40138
11758.7	-6.80091
11749	-6.66491
11739.2	-6.1537
11729.4	-5.76896
11719.7	-5.8781
11709.9	-6.49881
11700.1	-7.0936
11690.4	-6.97836
11680.6	-6.1277
11670.8	-5.26401
11661.1	-5.12548
11651.3	-5.58453
11641.5	-5.77015
11631.8	-5.35193
11622	-4.79649
11612.3	-4.1759
11602.5	-3.16499
11592.7	-2.05603
11583	-1.42674
11573.2	-1.38392
11563.4	-1.86925
11553.7	-2.76174
11543.9	-3.5563
11534.1	-3.74731
11524.4	-3.33818
11514.6	-2.68111
11504.8	-2.11269
11495.1	-1.60962
11485.3	-0.823515
11475.5	0.170442
11465.8	0.753946
11456	0.8241
11446.2	0.903603
11436.5	0.909557
11426.7	0.163562
11416.9	-1.27288
11407.2	-2.45067
11397.4	-2.7097
11387.6	-2.36318
11377.9	-2.1669
11368.1	-2.30057
11358.3	-2.32698
11348.6	-2.13453
11338.8	-1.86972
11329	-1.09365
11319.3	0.548584
11309.5	2.21108
11299.8	2.66524
11290	1.64946
11280.2	-0.187357
11270.5	-1.98271
11260.7	-3.11119
11250.9	-3.4447
11241.2	-3.36355
11231.4	-3.37313
11221.6	-3.51573
11211.9	-3.33227
11202.1	-2.67513
11192.3	-2.00233
11182.6	-1.62254
11172.8	-1.40349
11163	-1.16446
11153.3	-0.655054
11143.5	0.386728
11133.7	1.64169
11124	2.32773
11114.2	2.13694
11104.4	1.45974
11094.7	0.701418
11084.9	-0.0353233
11075.1	-0.682382
11065.4	-1.26396
11055.6	-2.03065
11045.8	-2.97856
11036.1	-3.66928
11026.3	-3.82851
11016.5	-3.52106
11006.8	-2.86752
10997	-2.19109
10987.3	-1.93408
10977.5	-2.17137
10967.7	-2.61857
10958	-2.89988
10948.2	-2.75189
10938.4	-2.36882
10928.7	-2.20125
10918.9	-2.28458
10909.1	-2.33402
10899.4	-2.18086
10889.6	-1.70371
10879.8	-0.873457
10870.1	-0.0113064
10860.3	0.354444
10850.5	-0.0869059
10840.8	-1.04035
10831	-1.7817
10821.2	-1.97755
10811.5	-1.85789
10801.7	-1.67243
10791.9	-1.69406
10782.2	-2.13799
10772.4	-2.55141
10762.6	-2.34453
10752.9	-1.84233
10743.1	-1.77533
10733.3	-2.31923
10723.6	-3.19381
10713.8	-3.87798
10704	-3.75184
10694.3	-2.70439
10684.5	-1.33532
10674.8	-0.352747
10665	-0.0421563
10655.2	-0.200751
10645.5	-0.449031
10635.7	-0.675994
10625.9	-1.04884
10616.2	-1.61637
10606.4	-2.17698
10596.6	-2.52718
10586.9	-2.70155
10577.1	-2.9164
10567.3	-3.26534
10557.6	-3.60995
10547.8	-3.79904
10538	-3.80541
10528.3	-3.68365
10518.5	-3.55597
10508.7	-3.45247
10499	-3.14894
10489.2	-2.47968
10479.4	-1.732
10469.7	-1.32209
10459.9	-1.21495
10450.1	-1.01068
10440.4	-0.439388
10430.6	0.323337
10420.8	0.728193
10411.1	0.56828
10401.3	0.541199
10391.5	1.31575
10381.8	2.36783
10372	2.74085
10362.3	2.3684
10352.5	1.79349
10342.7	1.29711
10333	0.847372
10323.2	0.398668
10313.4	0.0217007
10303.7	-0.218829
10293.9	-0.489719
10284.1	-0.969271
10274.4	-1.61038
10264.6	-2.33115
10254.8	-2.99018
10245.1	-3.36787
10235.3	-3.58152
10225.5	-3.89122
10215.8	-4.11738
10206	-4.0402
10196.2	-3.74527
10186.5	-3.2074
10176.7	-2.46408
10166.9	-1.86021
10157.2	-1.4772
10147.4	-1.21244
10137.6	-1.31673
10127.9	-1.83388
10118.1	-2.28077
10108.3	-2.37132
10098.6	-2.10201
10088.8	-1.36806
10079	-0.391249
10069.3	0.12531
10059.5	-0.143878
10049.8	-0.711813
10040	-0.947394
10030.2	-0.657221
10020.5	0.162706
10010.7	1.38789
10000.9	2.37933
9991.16	2.43422
9981.39	1.62067
9971.63	0.517183
9961.86	-0.22725
9952.09	-0.0608247
9942.33	0.69376
9932.56	1.0248
9922.8	0.826108
9913.03	0.838472
9903.27	1.2316
9893.5	1.67228
9883.73	1.87243
9873.97	1.50985
9864.2	0.678921
9854.44	-0.0787405
9844.67	-0.600638
9834.91	-0.93297
9825.14	-0.866538
9815.38	-0.50534
9805.61	-0.321175
9795.84	-0.422944
9786.08	-0.556446
9776.31	-0.50628
9766.55	-0.198846
9756.78	0.300756
9747.02	0.856328
9737.25	1.31107
9727.48	1.57938
9717.72	1.78106
9707.95	1.94561
9698.19	1.92654
9688.42	1.89503
9678.66	2.0292
9668.89	1.89184
9659.13	1.13796
9649.36	0.102848
9639.59	-0.857089
9629.83	-1.62495
9620.06	-2.07934
9610.3	-2.24475
9600.53	-2.22049
9590.77	-1.97584
9581	-1.51153
9571.23	-0.87023
9561.47	-0.158857
9551.7	0.316595
9541.94	0.479126
9532.17	0.709936
9522.41	1.22733
9512.64	1.8401
9502.88	2.31505
9493.11	2.42648
9483.34	1.97119
9473.58	1.03668
9463.81	0.00866104
9454.05	-0.65708
9444.28	-0.574337
9434.52	0.347689
9424.75	1.6401
9414.98	2.50469
9405.22	2.60227
9395.45	2.37124
9385.69	2.38869
9375.92	2.79112
9366.16	3.31985
9356.39	3.55345
9346.63	3.35715
9336.86	3.20064
9327.09	3.56291
9317.33	4.21117
9307.56	4.58542
9297.8	4.59416
9288.03	4.57868
9278.27	4.702
9268.5	4.87491
9258.73	5.11091
9248.97	5.3127
9239.2	5.11118
9229.44	4.56145
9219.67	4.18952
9209.91	4.07738
9200.14	3.94493
9190.38	3.85638
9180.61	3.91871
9170.84	3.84275
9161.08	3.25358
9151.31	2.2346
9141.55	1.52201
9131.78	1.66033
9122.02	2.11044
9112.25	2.10394
9102.48	1.58804
9092.72	0.584243
9082.95	-0.995561
9073.19	-2.70887
9063.42	-4.00957
9053.66	-4.81978
9043.89	-5.12459
9034.13	-4.82881
9024.36	-4.02482
9014.59	-2.90073
9004.83	-1.59844
8995.06	-0.233556
8985.3	0.957833
8975.53	1.65872
8965.77	1.90701
8956	2.06551
8946.23	2.1985
8936.47	2.1042
8926.7	1.6742
8916.94	0.780204
8907.17	-0.50619
8897.41	-1.66438
8887.64	-2.28357
8877.88	-2.41195
8868.11	-2.26162
8858.34	-2.09459
8848.58	-2.18306
8838.81	-2.63972
8829.05	-3.33298
8819.28	-3.84353
8809.52	-3.79127
8799.75	-3.2828
8789.98	-2.65123
8780.22	-2.07325
8770.45	-1.59097
8760.69	-1.09917
8750.92	-0.662772
8741.16	-0.708461
8731.39	-1.10354
8721.63	-1.05341
8711.86	-0.645975
8702.09	-0.798227
8692.33	-1.51047
8682.56	-1.9456
8672.8	-1.75752
8663.03	-1.15213
8653.27	-0.459533
8643.5	-0.0752219
8633.73	-0.112799
8623.97	-0.176564
8614.2	0.163183
8604.44	0.822143
8594.67	1.39541
8584.91	1.9208
8575.14	2.9749
8565.38	4.75061
8555.61	6.73353
8545.84	8.42697
8536.08	9.58993
8526.31	9.94809
8516.55	9.40258
8506.78	8.29337
8497.02	7.13899
8487.25	6.35521
8477.48	6.08416
8467.72	6.15772
8457.95	6.30839
8448.19	6.28389
8438.42	5.89439
8428.66	5.34702
8418.89	5.12106
8409.13	5.21372
8399.36	5.1677
8389.59	4.79469
8379.83	4.17011
8370.06	3.36054
8360.3	2.75049
8350.53	2.91666
8340.77	3.86354
8331	5.00365
8321.23	5.76538
8311.47	5.88692
8301.7	5.56219
8291.94	5.25987
8282.17	5.01508
8272.41	4.417
8262.64	3.45645
8252.88	2.55332
8243.11	1.93531
8233.34	1.70782
8223.58	2.09625
8213.81	3.1134
8204.05	4.32217
8194.28	5.11157
8184.52	5.14839
8174.75	4.55783
8164.98	3.66679
8155.22	2.82258
8145.45	2.39789
8135.69	2.42902
8125.92	2.51148
8116.16	2.40586
8106.39	2.22606
8096.63	2.06099
8086.86	1.89624
8077.09	1.60962
8067.33	1.17062
8057.56	1.03154
8047.8	1.51319
8038.03	2.12127
8028.27	2.38807
8018.5	2.46659
8008.73	2.56484
7998.97	2.91612
7989.2	3.69642
7979.44	4.42605
7969.67	4.6093
7959.91	4.54528
7950.14	4.58689
7940.38	4.72262
7930.61	5.00378
7920.84	5.31157
7911.08	5.22499
7901.31	4.55883
7891.55	3.5153
7881.78	2.57219
7872.02	2.27632
7862.25	2.72567
7852.48	3.63355
7842.72	4.73156
7832.95	5.6583
7823.19	6.05616
7813.42	5.92996
7803.66	5.47438
7793.89	4.92543
7784.13	4.63511
7774.36	4.76712
7764.59	5.13586
7754.83	5.50153
7745.06	5.87502
7735.3	6.55025
7725.53	7.55631
7715.77	8.2617
7706	8.12951
7696.23	7.30066
7686.47	6.11574
7676.7	4.95145
7666.94	4.29068
7657.17	4.21265
7647.41	4.36155
7637.64	4.49408
7627.88	4.44835
7618.11	3.99854
7608.34	3.15766
7598.58	2.32112
7588.81	1.9579
7579.05	2.05202
7569.28	2.02497
7559.52	1.57465
7549.75	1.00497
7539.98	0.544114
7530.22	0.260191
7520.45	0.368001
7510.69	0.764343
7500.92	1.05942
7491.16	1.42652
7481.39	2.29596
7471.63	3.37694
7461.86	3.98524
7452.09	3.88508
7442.33	3.23425
7432.56	2.30955
7422.8	1.49979
7413.03	1.06546
7403.27	0.954561
7393.5	0.944498
7383.73	0.705267
7373.97	-0.0284293
7364.2	-0.982492
7354.44	-1.44782
7344.67	-1.18762
7334.91	-0.824579
7325.14	-1.06551
7315.38	-1.8473
7305.61	-2.50066
7295.84	-2.59309
7286.08	-2.23878
7276.31	-1.66064
7266.55	-0.91956
7256.78	-0.0805484
7247.02	0.674397
7237.25	1.20818
7227.48	1.67619
7217.72	2.34544
7207.95	2.98243
7198.19	2.99974
7188.42	2.4156
7178.66	1.88919
7168.89	1.75331
7159.13	1.73927
7149.36	1.52456
7139.59	1.04569
7129.83	0.399754
7120.06	-0.310147
7110.3	-1.00341
7100.53	-1.65474
7090.77	-2.34014
7081	-3.112
7071.23	-3.84732
7061.47	-4.30661
7051.7	-4.24827
7041.94	-3.64298
7032.17	-2.84237
7022.41	-2.20621
7012.64	-1.77382
7002.88	-1.5424
6993.11	-1.59644
6983.34	-1.83694
6973.58	-1.95721
6963.81	-1.68704
6954.05	-1.15604
6944.28	-0.946602
6934.52	-1.33823
6924.75	-1.87522
6914.98	-2.11537
6905.22	-2.09299
6895.45	-2.02087
6885.69	-2.13181
6875.92	-2.45542
6866.16	-2.63389
6856.39	-2.48753
6846.63	-2.35593
6836.86	-2.5527
6827.09	-3.02252
6817.33	-3.49972
6807.56	-3.69897
6797.8	-3.56549
6788.03	-3.31137
6778.27	-3.11282
6768.5	-2.91593
6758.73	-2.48551
6748.97	-1.66735
6739.2	-0.70575
6729.44	-0.127217
6719.67	-0.269047
6709.91	-1.01484
6700.14	-1.8697
6690.38	-2.32792
6680.61	-2.2818
6670.84	-2.01405
6661.08	-1.85007
6651.31	-1.91084
6641.55	-2.12238
6631.78	-2.36689
6622.02	-2.47825
6612.25	-2.14049
6602.48	-1.20678
6592.72	-0.0439404
6582.95	0.853437
6573.19	1.40855
6563.42	1.7765
6553.66	1.92329
6543.89	1.73811
6534.13	1.38826
6524.36	1.21166
6514.59	1.29389
6504.83	1.40475
6495.06	1.37186
6485.3	1.3128
6475.53	1.38527
6465.77	1.46768
6456	1.42213
6446.23	1.52111
6436.47	2.02753
6426.7	2.56238
6416.94	2.54027
6407.17	1.9748
6397.41	1.47776
6387.64	1.56645
6377.88	1.99759
6368.11	1.96006
6358.34	1.05676
6348.58	-0.296999
6338.81	-1.43822
6329.05	-1.95671
6319.28	-1.80426
6309.52	-1.10688
6299.75	-0.0169646
6289.98	0.994289
6280.22	1.32358
6270.45	1.0427
6260.69	0.579761
6250.92	-0.184745
6241.16	-1.49131
6231.39	-3.07475
6221.63	-4.47645
6211.86	-5.24351
6202.09	-5.16384
6192.33	-4.70694
6182.56	-4.5359
6172.8	-4.81312
6163.03	-5.39551
6153.27	-6.04597
6143.5	-6.39189
6133.73	-6.29177
6123.97	-5.91962
6114.2	-5.32774
6104.44	-4.48792
6094.67	-3.70267
6084.91	-3.44468
6075.14	-3.77306
6065.38	-4.16631
6055.61	-4.00712
6045.84	-3.22899
6036.08	-2.35133
6026.31	-1.75164
6016.55	-1.26392
6006.78	-0.870556
5997.02	-0.958662
5987.25	-1.34243
5977.48	-1.31317
5967.72	-0.947777
5957.95	-0.870748
5948.19	-1.05539
5938.42	-1.14199
5928.66	-1.12376
5918.89	-1.1782
5909.13	-1.5629
5899.36	-2.33897
5889.59	-3.02551
5879.83	-3.26472
5870.06	-3.27539
5860.3	-3.19733
5850.53	-2.99943
5840.77	-2.89721
5831	-2.91365
5821.23	-2.61386
5811.47	-1.79693
5801.7	-0.805475
5791.94	-0.0321859
5782.17	0.410635
5772.41	0.622289
5762.64	0.848574
5752.88	1.33289
5743.11	1.94274
5733.34	2.19442
5723.58	1.97583
5713.81	1.80958
5704.05	2.15046
5694.28	2.83446
5684.52	3.3793
5674.75	3.61577
5664.98	3.85907
5655.22	4.33681
5645.45	4.79267
5635.69	4.90766
5625.92	4.61199
5616.16	3.93545
5606.39	3.09773
5596.63	2.47525
5586.86	2.185
5577.09	2.11548
5567.33	2.19568
5557.56	2.28222
5547.8	2.20039
5538.03	2.03899
5528.27	2.10662
5518.5	2.62168
5508.73	3.43386
5498.97	4.01738
5489.2	3.91273
5479.44	3.1218
5469.67	2.05861
5459.91	1.28844
5450.14	1.09431
5440.38	1.2197
5430.61	1.36652
5420.84	1.59767
5411.08	1.94625
5401.31	2.28176
5391.55	2.70669
5381.78	3.39996
5372.02	4.17375
5362.25	4.71987
5352.48	4.92862
5342.72	4.65449
5332.95	3.68699
5323.19	2.24403
5313.42	1.09918
5303.66	0.93827
5293.89	1.64838
5284.13	2.39872
5274.36	2.51209
5264.59	2.15738
5254.83	2.03881
5245.06	2.58945
5235.3	3.73413
5225.53	5.15983
5215.77	6.45345
5206	7.25491
5196.23	7.78829
5186.47	9.01779
5176.7	11.7708
5166.94	15.882
5157.17	20.5488
5147.41	25.1824
5137.64	29.5554
5127.88	33.4815
5118.11	36.7893
5108.34	39.4672
5098.58	41.4677
5088.81	42.3786
5079.05	41.647
5069.28	39.2179
5059.52	35.6978
5049.75	31.9143
5039.98	28.5375
5030.22	25.967
5020.45	24.2449
5010.69	23.0055
5000.92	21.6645
4991.16	19.8547
4981.39	17.7105
4971.63	15.558
4961.86	13.529
4952.09	11.7548
4942.33	10.5513
4932.56	10.0045
4922.8	9.67456
4913.03	8.97534
4903.27	7.75684
4893.5	6.52076
4883.73	5.9873
4873.97	6.27767
4864.2	6.80776
4854.44	7.13467
4844.67	7.3617
4834.91	7.60155
4825.14	7.77472
4815.38	7.97412
4805.61	8.39423
4795.84	9.00486
4786.08	9.53152
4776.31	9.52189
4766.55	8.70919
4756.78	7.53351
4747.02	6.63064
4737.25	5.9585
4727.48	5.22727
4717.72	4.53947
4707.95	4.01578
4698.19	3.66791
4688.42	3.71036
4678.66	4.17423
4668.89	4.69432
4659.13	5.12373
4649.36	5.60685
4639.59	6.037
4629.83	6.19896
4620.06	6.19924
4610.3	6.32564
4600.53	6.74385
4590.77	7.45828
4581	8.41803
4571.23	9.6112
4561.47	10.9277
4551.7	11.991
4541.94	12.5861
4532.17	13.1398
4522.41	14.2107
4512.64	15.7278
4502.88	17.2908
4493.11	18.8602
4483.34	20.6411
4473.58	22.5503
4463.81	24.1496
4454.05	25.1278
4444.28	25.6896
4434.52	26.1936
4424.75	26.5484
4414.98	26.4006
4405.22	25.7592
4395.45	25.0242
4385.69	24.5362
4375.92	24.2687
4366.16	23.9294
4356.39	23.3343
4346.63	22.5214
4336.86	21.5456
4327.09	20.5238
4317.33	19.7307
4307.56	19.2371
4297.8	18.7102
4288.03	17.9268
4278.27	17.1815
4268.5	16.9139
4258.73	17.1895
4248.97	17.7038
4239.2	18.0298
4229.44	17.8835
4219.67	17.4548
4209.91	17.1846
4200.14	17.1006
4190.38	16.9846
4180.61	16.9513
4170.84	17.1605
4161.08	17.5838
4151.31	18.2954
4141.55	19.1817
4131.78	19.9329
4122.02	20.7639
4112.25	21.8813
4102.48	22.5826
4092.72	22.3544
4082.95	21.8577
4073.19	21.8799
4063.42	22.5558
4053.66	23.6668
4043.89	24.6126
4034.13	24.6346
4024.36	23.6767
4014.59	22.449
4004.83	21.6159
3995.06	21.4652
3985.3	22.0886
3975.53	23.3627
3965.77	24.9529
3956	26.6213
3946.23	28.2713
3936.47	29.6089
3926.7	30.3251
3916.94	30.6818
3907.17	31.2666
3897.41	32.2459
3887.64	33.4566
3877.88	34.995
3868.11	37.0653
3858.34	39.4841
3848.58	41.9373
3838.81	44.5071
3829.05	47.3509
3819.28	50.1247
3809.52	52.3414
3799.75	54.0878
3789.98	55.9443
3780.22	58.3771
3770.45	61.465
3760.69	65.0245
3750.92	68.7538
3741.16	72.4123
3731.39	76.0615
3721.63	79.7655
3711.86	83.1305
3702.09	85.865
3692.33	88.291
3682.56	90.5737
3672.8	92.5164
3663.03	94.2865
3653.27	95.9727
3643.5	97.1168
3633.73	97.6712
3623.97	98.0748
3614.2	98.2717
3604.44	97.9637
3594.67	97.1654
3584.91	95.8944
3575.14	94.1824
3565.38	92.3014
3555.61	90.5629
3545.84	89.022
3536.08	87.1954
3526.31	84.5075
3516.55	81.4073
3506.78	78.9727
3497.02	77.4614
3487.25	76.4608
3477.48	75.7211
3467.72	75.0111
3457.95	74.085
3448.19	72.9551
3438.42	71.7176
3428.66	70.4908
3418.89	69.4639
3409.13	68.6822
3399.36	67.9794
3389.59	67.0315
3379.83	65.5678
3370.06	63.8641
3360.3	62.534
3350.53	61.7449
3340.77	61.3201
3331	61.2367
3321.23	61.5039
3311.47	62.0342
3301.7	62.6752
3291.94	63.0762
3282.17	62.9156
3272.41	62.3356
3262.64	61.8578
3252.88	61.9333
3243.11	62.4977
3233.34	62.9677
3223.58	63.1004
3213.81	63.4995
3204.05	64.5571
3194.28	65.6562
3184.52	66.2081
3174.75	66.4873
3164.98	66.8649
3155.22	67.3449
3145.45	68.0938
3135.69	69.3788
3125.92	71.0964
3116.16	72.9898
3106.39	74.9035
3096.63	76.6804
3086.86	78.3791
3077.09	80.383
3067.33	82.8763
3057.56	85.5761
3047.8	88.1014
3038.03	90.2861
3028.27	92.1604
3018.5	93.7664
3008.73	95.0054
2998.97	95.8034
2989.2	96.3392
2979.44	96.8921
2969.67	97.5798
2959.91	98.3573
2950.14	99.0089
2940.38	99.0366
2930.61	98.0753
2920.84	96.5237
2911.08	95.0951
2901.31	93.7768
2891.55	92.1074
2881.78	90.2305
2872.02	88.6527
2862.25	87.2686
2852.48	85.4688
2842.72	82.9963
2832.95	80.1697
2823.19	77.4205
2813.42	74.9792
2803.66	72.926
2793.89	71.1402
2784.13	69.2941
2774.36	67.242
2764.59	65.2416
2754.83	63.5942
2745.06	62.2857
2735.3	61.0369
2725.53	59.6454
2715.77	58.1409
2706	56.4675
2696.23	54.4572
2686.47	52.3906
2676.7	50.7328
2666.94	49.2498
2657.17	47.4331
2647.41	45.4835
2637.64	43.952
2627.88	42.9583
2618.11	42.2366
2608.34	41.4781
2598.58	40.5262
2588.81	39.396
2579.05	38.174
2569.28	37.117
2559.52	36.5309
2549.75	36.2809
2539.98	35.9476
2530.22	35.3781
2520.45	34.5722
2510.69	33.6189
2500.92	32.9838
2491.16	33.0223
2481.39	33.4483
2471.63	33.9497
2461.86	34.4977
2452.09	34.7984
2442.33	34.5924
2432.56	34.1633
2422.8	33.4933
2413.03	31.953
2403.27	29.6463
2393.5	27.6003
2383.73	26.2681
2373.97	25.2941
2364.2	24.5935
2354.44	24.4336
2344.67	24.7849
2334.91	25.2345
2325.14	25.2953
2315.38	24.7801
2305.61	23.9633
2295.84	23.2203
2286.08	22.7185
2276.31	22.53
2266.55	22.5833
2256.78	22.4789
2247.02	21.8607
2237.25	20.9425
2227.48	20.2869
2217.72	20.0482
2207.95	19.8176
2198.19	19.3483
2188.42	18.9983
2178.66	19.1799
2168.89	19.7247
2159.13	20.1139
2149.36	20.1103
2139.59	19.8581
2129.83	19.5361
2120.06	19.1866
2110.3	18.7299
2100.53	18.0095
2090.77	17.0773
2081	16.2916
2071.23	15.857
2061.47	15.7218
2051.7	16.0737
2041.94	17.1192
2032.17	18.5136
2022.41	19.7931
2012.64	20.8344
2002.88	21.4034
1993.11	21.1432
1983.34	20.2646
1973.58	19.4174
1963.81	18.9274
1954.05	18.6787
1944.28	18.4378
1934.52	18.01
1924.75	17.4347
1914.98	17.0163
1905.22	16.7734
1895.45	16.1814
1885.69	14.9783
1875.92	13.6803
1866.16	12.8292
1856.39	12.4751
1846.63	12.6268
1836.86	13.2252
1827.09	13.7927
1817.33	14.0875
1807.56	14.5882
1797.8	15.6246
1788.03	16.8575
1778.27	17.9553
1768.5	18.896
1758.73	19.5752
1748.97	19.8146
1739.2	19.6517
1729.44	19.3628
1719.67	19.2642
1709.91	19.4275
1700.14	19.6182
1690.38	19.6007
1680.61	19.221
1670.84	18.35
1661.08	17.2508
1651.31	16.6385
1641.55	16.8361
1631.78	17.4179
1622.02	18.0284
1612.25	18.8244
1602.48	19.8724
1592.72	20.8654
1582.95	21.6196
1573.19	22.2503
1563.42	22.8684
1553.66	23.5466
1543.89	24.403
1534.13	25.4132
1524.36	26.3529
1514.59	27.0402
1504.83	27.4818
1495.06	27.8342
1485.3	28.2367
1475.53	28.7024
1465.77	29.2184
1456	29.7067
1446.23	29.9204
1436.47	29.7744
1426.7	29.5117
1416.94	29.4207
1407.17	29.8868
1397.41	31.2175
1387.64	32.939
1377.88	34.1989
1368.11	34.8855
1358.34	35.4407
1348.58	36.1626
1338.81	37.2084
1329.05	38.5419
1319.28	39.9782
1309.52	41.5575
1299.75	43.4339
1289.98	45.715
1280.22	48.4693
1270.45	51.2835
1260.69	53.5551
1250.92	55.5141
1241.16	57.744
1231.39	60.1497
1221.63	62.4944
1211.86	64.9264
1202.09	67.4227
1192.33	69.5961
1182.56	71.1047
1172.8	72.1054
1163.03	73.3559
1153.27	75.412
1143.5	77.9472
1133.73	80.2511
1123.97	81.8122
1114.2	82.5088
1104.44	82.8506
1094.67	83.6287
1084.91	85.1694
1075.14	87.2976
1065.38	89.7033
1055.61	92.26
1045.84	95.2391
1036.08	98.8958
1026.31	103
1016.55	107.246
1006.78	111.658
997.016	116.236
987.25	120.678
977.485	124.715
967.719	128.599
957.953	133.117
948.188	138.926
938.422	146.013
928.657	153.994
918.891	162.729
909.125	172.282
899.36	182.296
889.594	192.016
879.828	201.114
870.063	209.733
860.297	217.845
850.532	225.473
840.766	232.923
831	240.178
821.235	246.907
811.469	252.952
801.703	258.056
791.938	261.979
782.172	265.168
772.407	268.217
762.641	270.832
752.875	272.136
743.11	271.723
733.344	270.012
723.578	267.584
713.813	264.471
704.047	260.46
694.282	255.642
684.516	250.092
674.75	243.535
664.985	235.7
655.219	226.758
645.453	217.271
635.688	207.646
625.922	197.934
616.157	188.577
606.391	180.45
596.625	173.607
586.86	167.17
577.094	160.708
567.328	154.454
557.563	148.413
547.797	142.321
538.032	136.199
528.266	130.358
518.5	124.988
508.735	120.025
498.969	115.436
489.203	111.286
479.438	107.466
469.672	103.769
459.907	100.201
450.141	96.9251
440.375	94.1179
430.61	91.8995
420.844	90.1159
411.078	88.4909
401.313	87.0696
391.547	86.1736
381.782	86.0708
372.016	86.7551
362.25	87.7144
352.485	88.1503
342.719	87.6584
332.953	86.2295
323.188	83.724
313.422	80.0547
303.657	75.6607
293.891	71.252
284.125	67.3175
274.36	64.0323
264.594	61.3045
254.828	58.9394
245.063	56.8448
235.297	54.8988
225.532	52.8296
215.766	50.578
206	48.3696
196.235	46.2455
186.469	44.1129
176.703	42.2313
166.938	40.9742
157.172	40.2352
147.407	39.5555
137.641	38.6373
127.875	37.5087
118.11	36.3798
108.344	35.4114
98.5785	34.6516
88.8129	34.1923
79.0472	34.0858
69.2816	33.9941
59.516	33.3353
49.7504	31.9321
39.9847	30.2577
30.2191	28.8315
20.4535	27.6034
10.6879	26.3041
0.922249	25.1031
-8.84338	24.33
-18.609	23.9757
-28.3746	24.0228
-38.1403	24.5914
-47.9059	25.4646
-57.6715	26.3094
-67.4371	27.2241
-77.2028	28.3086
-86.9684	29.2328
-96.734	29.7075
-106.5	29.6597
-116.265	28.8674
-126.031	27.2138
-135.797	25.2483
-145.562	23.8197
-155.328	23.1248
-165.093	22.5845
-174.859	21.7415
-184.625	20.8048
-194.39	20.201
-204.156	20.0672
-213.922	20.266
-223.687	20.5067
-233.453	20.4804
-243.218	20.0704
-252.984	19.437
-262.75	18.885
-272.515	18.5998
-282.281	18.5508
-292.047	18.7172
-301.812	19.0641
-311.578	19.3602
-321.343	19.556
-331.109	19.9741
-340.875	20.7042
-350.64	21.4869
-360.406	22.2038
-370.172	22.692
-379.937	22.5974
-389.703	22.0618
-399.468	21.8426
-409.234	22.4366
-419	23.5835
-428.765	24.5686
-438.531	24.7879
-448.297	24.1976
-458.062	23.224
-467.828	22.2135
-477.593	21.217
-487.359	20.3734
-497.125	20.1178
-506.89	20.6367
-516.656	21.4303
-526.422	21.9125
-536.187	22.1182
-545.953	22.4381
-555.718	23.0851
-565.484	23.9897
-575.25	24.883
-585.015	25.5386
-594.781	26.1043
-604.547	27.075
-614.312	28.8898
-624.078	31.5769
-633.843	34.9664
-643.609	39.1995
-653.375	44.4162
-663.14	49.9432
-672.906	54.4486
-682.672	56.6959
-692.437	55.9592
-702.203	52.4742
-711.968	47.5166
-721.734	42.5258
-731.5	38.3733
-741.265	35.3502
-751.031	33.2281
-760.797	31.5413
-770.562	30.1418
-780.328	29.2374
-790.093	28.9391
-799.859	28.9595
-809.625	28.7919
-819.39	28.2436
-829.156	27.5381
-838.922	26.9159
-848.687	26.5646
-858.453	26.6758
-868.218	27.2184
-877.984	28.0232
-887.75	28.9971
-897.515	29.9649
-907.281	30.6489
-917.047	30.8774
-926.812	30.7538
-936.578	30.8814
-946.343	31.8852
-956.109	33.47
-965.875	34.9421
-975.64	36.4291
-985.406	38.4903
-995.172	41.1428
-1004.94	43.9436
-1014.7	46.4859
-1024.47	48.8004
-1034.23	51.3644
-1044	54.406
-1053.77	57.7594
-1063.53	61.6364
-1073.3	66.4135
-1083.06	71.7976
-1092.83	77.3446
-1102.59	83.4035
-1112.36	90.6538
-1122.12	99.1232
-1131.89	108.201
-1141.66	117.294
-1151.42	126.105
-1161.19	134.534
-1170.95	142.634
-1180.72	150.289
-1190.48	156.648
-1200.25	160.53
-1210.02	161.605
-1219.78	160.439
-1229.55	157.511
-1239.31	153.063
-1249.08	147.559
-1258.84	141.468
-1268.61	135.019
-1278.37	128.647
-1288.14	123.006
-1297.91	118.256
-1307.67	113.972
-1317.44	109.736
-1327.2	105.361
-1336.97	100.977
-1346.73	97.0695
-1356.5	93.9226
-1366.27	91.3188
-1376.03	89.2981
-1385.8	88.3777
-1395.56	88.5991
-1405.33	89.2099
-1415.09	89.4191
-1424.86	88.8678
-1434.62	87.5825
-1444.39	85.7961
-1454.16	83.6234
-1463.92	81.0181
-1473.69	78.1697
-1483.45	75.4375
-1493.22	72.6669
-1502.98	69.1961
-1512.75	64.8122
-1522.52	60.029
-1532.28	55.3074
-1542.05	50.7906
-1551.81	46.7144
-1561.58	43.3416
-1571.34	40.7124
-1581.11	38.7632
-1590.87	37.2549
-1600.64	35.69
-1610.41	33.7244
-1620.17	31.4638
-1629.94	29.208
-1639.7	27.1416
-1649.47	25.233
-1659.23	23.3976
-1669	21.6672
-1678.77	20.0211
-1688.53	18.3856
-1698.3	17.0278
-1708.06	16.3873
-1717.83	16.38
-1727.59	16.4203
-1737.36	16.111
-1747.12	15.489
-1756.89	14.6904
-1766.66	13.7679
-1776.42	12.9413
-1786.19	12.6065
-1795.95	12.7479
-1805.72	12.8346
-1815.48	12.5714
-1825.25	12.057
-1835.02	11.212
-1844.78	9.9898
-1854.55	8.8816
-1864.31	8.38583
-1874.08	8.4669
-1883.84	8.989
-1893.61	9.96223
-1903.37	11.1865
-1913.14	12.2201
-1922.91	12.6407
-1932.67	12.2617
-1942.44	11.3794
-1952.2	10.5188
-1961.97	9.84185
-1971.73	9.30484
-1981.5	8.98896
-1991.27	8.71992
-2001.03	8.15841
-2010.8	7.47273
-2020.56	7.02228
-2030.33	6.72977
-2040.09	6.55999
-2049.86	6.81425
-2059.62	7.39753
-2069.39	7.62445
-2079.16	7.0151
-2088.92	5.76729
-2098.69	4.43611
-2108.45	3.45816
-2118.22	2.95675
-2127.98	2.77827
-2137.75	2.62472
-2147.52	2.23471
-2157.28	1.52343
-2167.05	0.613381
-2176.81	-0.254431
-2186.58	-0.89591
-2196.34	-1.17585
-2206.11	-0.828765
-2215.87	0.191558
-2225.64	1.26122
-2235.41	1.76261
-2245.17	1.91833
-2254.94	2.33619
-2264.7	3.25799
-2274.47	4.46282
-2284.23	5.42398
-2294	5.80748
-2303.77	5.85971
-2313.53	5.85198
-2323.3	5.73658
-2333.06	5.69951
-2342.83	6.03469
-2352.59	6.38409
-2362.36	6.10243
-2372.12	5.11741
-2381.89	3.79822
-2391.66	2.56347
-2401.42	1.90025
-2411.19	2.04657
-2420.95	2.58813
-2430.72	2.91132
-2440.48	2.85444
-2450.25	2.6424
-2460.02	2.6029
-2469.78	2.93143
-2479.55	3.3793
-2489.31	3.50361
-2499.08	3.24955
-2508.84	2.75583
-2518.61	2.01564
-2528.37	1.32109
-2538.14	1.25778
-2547.91	1.7949
-2557.67	2.25076
-2567.44	2.41176
-2577.2	2.8145
-2586.97	3.61357
-2596.73	4.04238
-2606.5	3.49712
-2616.27	2.33121
-2626.03	1.24473
-2635.8	0.69529
-2645.56	0.771587
-2655.33	0.956322
-2665.09	0.563895
-2674.86	-0.477195
-2684.62	-1.85825
-2694.39	-3.18376
-2704.16	-3.75823
-2713.92	-3.17717
-2723.69	-1.92227
-2733.45	-0.724125
-2743.22	-0.00394453
-2752.98	0.204375
-2762.75	0.366733
-2772.52	0.79683
-2782.28	1.09507
-2792.05	0.982643
-2801.81	0.769658
-2811.58	0.637714
-2821.34	0.565409
-2831.11	0.656644
-2840.87	0.826518
-2850.64	0.858833
-2860.41	0.886789
-2870.17	1.11798
-2879.94	1.41532
-2889.7	1.6395
-2899.47	2.00481
-2909.23	2.75407
-2919	3.65057
-2928.77	4.09481
-2938.53	3.8029
-2948.3	3.04562
-2958.06	2.15498
-2967.83	1.28069
-2977.59	0.653039
-2987.36	0.538229
-2997.12	0.906862
-3006.89	1.53844
-3016.66	2.18855
-3026.42	2.47061
-3036.19	2.16112
-3045.95	1.68896
-3055.72	1.65775
-3065.48	2.13688
-3075.25	2.89285
-3085.02	3.74557
-3094.78	4.40393
-3104.55	4.51074
-3114.31	4.03589
-3124.08	3.48698
-3133.84	3.50732
-3143.61	4.0812
-3153.37	4.65862
-3163.14	5.14719
-3172.91	5.69311
-3182.67	5.77487
-3192.44	4.90697
-3202.2	3.65602
-3211.97	2.92592
-3221.73	3.05356
-3231.5	3.87605
-3241.27	4.82288
-3251.03	5.20806
-3260.8	4.94408
-3270.56	4.40056
-3280.33	3.60277
-3290.09	2.36204
-3299.86	1.04795
-3309.62	0.418107
-3319.39	0.607213
-3329.16	0.891266
-3338.92	0.721066
-3348.69	0.461715
-3358.45	0.640411
-3368.22	0.974055
-3377.98	0.853447
-3387.75	0.377588
-3397.52	0.173878
-3407.28	0.529716
-3417.05	1.264
-3426.81	2.12944
-3436.58	2.97252
-3446.34	3.70186
-3456.11	4.14004
-3465.87	3.91458
-3475.64	2.88416
-3485.41	1.6043
-3495.17	0.877184
-3504.94	0.94832
-3514.7	1.46491
-3524.47	1.83574
-3534.23	1.52083
-3544	0.534674
-3553.77	-0.420934
-3563.53	-0.82469
-3573.3	-0.876294
-3583.06	-0.837146
-3592.83	-0.656446
-3602.59	-0.453493
-3612.36	-0.504488
-3622.12	-0.728329
-3631.89	-0.769818
-3641.66	-0.524453
-3651.42	-0.296834
-3661.19	-0.323561
-3670.95	-0.314835
-3680.72	0.0615457
-3690.48	0.61778
-3700.25	1.15867
-3710.02	1.81491
-3719.78	2.49351
-3729.55	2.83797
-3739.31	2.70318
-3749.08	2.20735
-3758.84	1.68997
-3768.61	1.46994
-3778.37	1.52298
-3788.14	1.87907
-3797.91	2.67752
-3807.67	3.45692
-3817.44	3.65728
-3827.2	3.4992
-3836.97	3.17798
-3846.73	2.43471
-3856.5	1.52601
-3866.27	1.08586
-3876.03	1.17017
-3885.8	1.31973
-3895.56	0.914863
-3905.33	-0.412651
-3915.09	-2.09861
-3924.86	-3.172
-3934.62	-3.54333
-3944.39	-3.78211
-3954.16	-4.11982
-3963.92	-4.46097
-3973.69	-4.72547
-3983.45	-4.7737
-3993.22	-4.46537
-4002.98	-3.79597
-4012.75	-2.79292
-4022.52	-1.66341
-4032.28	-0.981627
-4042.05	-1.08309
-4051.81	-1.46098
-4061.58	-1.40372
-4071.34	-0.856986
-4081.11	-0.251492
-4090.87	-0.0241344
-4100.64	-0.411113
-4110.41	-1.15123
-4120.17	-1.50368
-4129.94	-1.08296
-4139.7	-0.535681
-4149.47	-0.808035
-4159.23	-1.86922
-4169	-2.87125
-4178.77	-3.347
-4188.53	-3.33669
-4198.3	-2.85502
-4208.06	-2.02007
-4217.83	-0.992163
-4227.59	0.291015
-4237.36	1.64526
-4247.12	2.56447
-4256.89	2.93516
-4266.66	2.90341
-4276.42	2.41823
-4286.19	1.60801
-4295.95	0.843972
-4305.72	0.359699
-4315.48	0.307996
-4325.25	0.675163
-4335.02	1.0605
-4344.78	1.08711
-4354.55	0.762689
-4364.31	0.31374
-4374.08	-0.0570383
-4383.84	-0.364444
-4393.61	-0.778277
-4403.37	-1.23224
-4413.14	-1.45323
-4422.91	-1.37594
-4432.67	-1.21919
-4442.44	-1.17345
-4452.2	-1.10795
-4461.97	-0.76577
-4471.73	-0.217217
-4481.5	0.247212
-4491.27	0.344415
-4501.03	-0.252607
-4510.8	-1.41705
-4520.56	-2.33542
-4530.33	-2.60042
-4540.09	-2.56413
-4549.86	-2.30147
-4559.62	-1.54514
-4569.39	-0.451123
-4579.16	0.49187
-4588.92	0.847239
-4598.69	0.476788
-4608.45	-0.131486
-4618.22	-0.41308
-4627.98	-0.568195
-4637.75	-0.98533
-4647.52	-1.37719
-4657.28	-1.28286
-4667.05	-0.829955
-4676.81	-0.50587
-4686.58	-0.507802
-4696.34	-0.630054
-4706.11	-0.744823
-4715.87	-1.00941
-4725.64	-1.42572
-4735.41	-1.76114
-4745.17	-2.04408
-4754.94	-2.50443
-4764.7	-2.99251
-4774.47	-3.15279
-4784.23	-3.1417
-4794	-3.49962
-4803.77	-4.27405
-4813.53	-4.8952
-4823.3	-4.98946
-4833.06	-4.66774
-4842.83	-3.93653
-4852.59	-2.63444
-4862.36	-1.05205
-4872.12	0.178516
-4881.89	0.725574
-4891.66	0.50762
-4901.42	-0.421545
-4911.19	-1.49262
-4920.95	-2.00371
-4930.72	-1.97741
-4940.48	-1.82852
-4950.25	-1.70114
-4960.02	-1.71127
-4969.78	-1.945
-4979.55	-2.19895
-4989.31	-2.4656
-4999.08	-2.98057
-5008.84	-3.43884
-5018.61	-3.31662
-5028.37	-2.8153
-5038.14	-2.4324
-5047.91	-2.12479
-5057.67	-1.5033
-5067.44	-0.37831
-5077.2	1.02687
-5086.97	2.27135
-5096.73	3.16433
-5106.5	3.689
-5116.27	3.51116
-5126.03	2.31593
-5135.8	0.635188
-5145.56	-0.451955
-5155.33	-0.520701
-5165.09	-0.115648
-5174.86	0.180602
-5184.62	0.364752
-5194.39	0.655001
-5204.16	1.16415
-5213.92	1.8392
-5223.69	2.26705
-5233.45	2.00659
-5243.22	1.25394
-5252.98	0.591495
-5262.75	0.348948
-5272.52	0.448902
-5282.28	0.398159
-5292.05	-0.24278
-5301.81	-1.13092
-5311.58	-1.66925
-5321.34	-1.85298
-5331.11	-1.7293
-5340.87	-1.01692
-5350.64	0.144363
-5360.41	1.13865
-5370.17	1.60115
-5379.94	1.55556
-5389.7	1.24367
-5399.47	1.05758
-5409.23	1.23631
-5419	1.69234
-5428.77	2.25368
-5438.53	2.76813
-5448.3	2.96229
-5458.06	2.60226
-5467.83	1.82614
-5477.59	0.93493
-5487.36	0.00973047
-5497.12	-0.828558
-5506.89	-1.31573
-5516.66	-1.5034
-5526.42	-1.49015
-5536.19	-0.913391
-5545.95	0.319782
-5555.72	1.53427
-5565.48	2.16027
-5575.25	2.20879
-5585.02	1.88542
-5594.78	1.38476
-5604.55	0.757326
-5614.31	0.0170039
-5624.08	-0.482401
-5633.84	-0.420289
-5643.61	-0.0393602
-5653.37	0.248187
-5663.14	0.229753
-5672.91	-0.0914625
-5682.67	-0.231359
-5692.44	0.365364
-5702.2	1.34911
-5711.97	1.89787
-5721.73	1.94946
-5731.5	1.88606
-5741.27	1.48929
-5751.03	0.439539
-5760.8	-0.744288
-5770.56	-1.44829
-5780.33	-1.86167
-5790.09	-2.26133
-5799.86	-2.51366
-5809.62	-2.62297
-5819.39	-2.68165
-5829.16	-2.58771
-5838.92	-2.36904
-5848.69	-2.08134
-5858.45	-1.62612
-5868.22	-1.16057
-5877.98	-0.895889
-5887.75	-0.634881
-5897.52	-0.185645
-5907.28	0.368521
-5917.05	0.775117
-5926.81	0.608443
-5936.58	-0.075
-5946.34	-0.470812
-5956.11	-0.272792
-5965.87	-0.0467406
-5975.64	-0.143856
-5985.41	-0.532438
-5995.17	-1.19959
-6004.94	-1.9248
-6014.7	-2.29878
-6024.47	-1.98273
-6034.23	-0.888038
-6044	0.404988
-6053.77	1.09945
-6063.53	1.30545
-6073.3	1.57619
-6083.06	1.82496
-6092.83	1.77687
-6102.59	1.51382
-6112.36	1.07541
-6122.12	0.546943
-6131.89	0.320013
-6141.66	0.470924
-6151.42	0.617576
-6161.19	0.73427
-6170.95	1.18821
-6180.72	1.97468
-6190.48	2.66021
-6200.25	2.85197
-6210.02	2.46728
-6219.78	1.74173
-6229.55	0.901632
-6239.31	0.0507766
-6249.08	-0.401233
-6258.84	-0.000796094
-6268.61	0.972788
-6278.37	1.91502
-6288.14	2.5636
-6297.91	2.69023
-6307.67	2.22691
-6317.44	1.70483
-6327.2	1.52451
-6336.97	1.35514
-6346.73	0.790216
-6356.5	-0.0977547
-6366.27	-0.860972
-6376.03	-1.10204
-6385.8	-0.886748
-6395.56	-0.526806
-6405.33	-0.267211
-6415.09	-0.456059
-6424.86	-1.24405
-6434.62	-2.23579
-6444.39	-3.14827
-6454.16	-4.1061
-6463.92	-5.02037
-6473.69	-5.54728
-6483.45	-5.51083
-6493.22	-4.98722
-6502.98	-4.34476
-6512.75	-3.97753
-6522.52	-3.80415
-6532.28	-3.4482
-6542.05	-2.78899
-6551.81	-1.99832
-6561.58	-1.28258
-6571.34	-0.671588
-6581.11	0.0672719
-6590.87	1.0907
-6600.64	1.97959
-6610.41	1.98244
-6620.17	0.948261
-6629.94	-0.498153
-6639.7	-1.8002
-6649.47	-2.83188
-6659.23	-3.58389
-6669	-4.09913
-6678.77	-4.41871
-6688.53	-4.48371
-6698.3	-4.28895
-6708.06	-3.79881
-6717.83	-3.1115
-6727.59	-2.86962
-6737.36	-3.36527
-6747.12	-3.82744
-6756.89	-3.79495
-6766.66	-3.61047
-6776.42	-3.20143
-6786.19	-2.2889
-6795.95	-1.06611
-6805.72	0.333969
-6815.48	1.74792
-6825.25	2.79305
-6835.02	3.50735
-6844.78	3.96784
-6854.55	3.8747
-6864.31	3.43185
-6874.08	3.18767
-6883.84	3.13578
-6893.61	3.10376
-6903.37	3.00493
-6913.14	2.61968
-6922.91	1.98811
-6932.67	1.28103
-6942.44	0.482333
-6952.2	-0.0542812
-6961.97	0.153591
-6971.73	0.822048
-6981.5	1.37179
-6991.27	1.74242
-7001.03	2.14654
-7010.8	2.52725
-7020.56	2.42775
-7030.33	1.64634
-7040.09	0.837911
-7049.86	0.777478
-7059.62	1.46804
-7069.39	2.39809
-7079.16	3.01933
-7088.92	3.10487
-7098.69	2.8423
-7108.45	2.25462
-7118.22	1.20274
-7127.98	0.0237516
-7137.75	-0.829638
-7147.52	-1.27923
-7157.28	-1.25163
-7167.05	-0.887925
-7176.81	-0.770823
-7186.58	-1.01982
-7196.34	-1.18802
-7206.11	-1.38273
-7215.87	-2.00233
-7225.64	-2.56822
-7235.41	-2.30642
-7245.17	-1.61981
-7254.94	-1.7262
-7264.7	-2.89659
-7274.47	-3.95217
-7284.23	-3.69134
-7294	-2.26911
-7303.77	-0.755275
-7313.53	0.243069
-7323.3	0.735322
-7333.06	0.538481
-7342.83	-0.54105
-7352.59	-2.12527
-7362.36	-3.70288
-7372.12	-4.88908
-7381.89	-5.21717
-7391.66	-4.80035
-7401.42	-4.40641
-7411.19	-4.10726
-7420.95	-3.3785
-7430.72	-2.48042
-7440.48	-1.89752
-7450.25	-1.26732
-7460.02	-0.345889
-7469.78	0.303955
-7479.55	0.419316
-7489.31	0.400395
-7499.08	0.330895
-7508.84	-0.0311859
-7518.61	-0.532047
-7528.37	-1.05149
-7538.14	-2.0233
-7547.91	-3.501
-7557.67	-4.59037
-7567.44	-4.57982
-7577.2	-3.84404
-7586.97	-3.21414
-7596.73	-2.90662
-7606.5	-2.35056
-7616.27	-1.24308
-7626.03	-0.245375
-7635.8	0.0579609
-7645.56	-0.0820734
-7655.33	-0.47948
-7665.09	-1.23575
-7674.86	14.2738
-7684.62	13.9693
-7694.39	13.9442
-7704.16	13.9941
-7713.92	13.9543
-7723.69	13.4209
-7733.45	12.388
-7743.22	11.4342
-7752.98	10.8406
