##TITLE= Parameter file, TOPSPIN		Version 2.1
##JCAMPDX= 5.0
##DATATYPE= Parameter Values
##NPOINTS= 9	$$ modification sequence number
##ORIGIN= Bruker BioSpin GmbH
##OWNER= raspers
$$ 2016-03-01 10:29:19.985 +0100  raspers@avance500
$$ /opt/topspin/data/raspers/nmr/160126_Wouter/15/pdata/1/clevels
$$ process /opt/topspin/prog/mod/proc2d
##$LEVELS= (0..255)
1920240 -1920240 2063315.71 -2063315.71 2217051.89 -2217051.89 2382242.85
-2382242.85 2559742.07 -2559742.07 2750466.63 -2750466.63 2955401.94 -2955401.94
3175606.83 -3175606.83 3412219.03 -3412219.03 3666461.04 -3666461.04 3939646.45
-3939646.45 4233186.7 -4233186.7 4548598.42 -4548598.42 4887511.25 -4887511.25
5251676.23 -5251676.23 5642974.89 -5642974.89 6063428.93 -6063428.93 6515210.7
-6515210.7 7000654.41 -7000654.41 7522268.18 -7522268.18 8082747.02 -8082747.02
8684986.75 -8684986.75 9332098.92 -9332098.92 10027426.97 -10027426.97
10774563.41 -10774563.41 11577368.45 -11577368.45 12439989.93 -12439989.93
13366884.72 -13366884.72 14362841.78 -14362841.78 15433006.89 -15433006.89
16582909.24 -16582909.24 17818489.99 -17818489.99 0 0 0 0 0 0 0 0 0 0 0
0 0 0 0 0 0 0 0 0 0 0 0 0 0 0 0 0 0 0 0 0 0 0 0 0 0 0 0 0 0 0 0 0 0 0 0
0 0 0 0 0 0 0 0 0 0 0 0 0 0 0 0 0 0 0 0 0 0 0 0 0 0 0 0 0 0 0 0 0 0 0 0
0 0 0 0 0 0 0 0 0 0 0 0 0 0 0 0 0 0 0 0 0 0 0 0 0 0 0 0 0 0 0 0 0 0 0 0
0 0 0 0 0 0 0 0 0 0 0 0 0 0 0 0 0 0 0 0 0 0 0 0 0 0 0 0 0 0 0 0 0 0 0 0
0 0 0 0 0 0 0 0 0 0 0 0 0 0 0 0 0 0 0 0 0 0 0 0 0 0 0 0 0 0 0 0 0 0 0 0
0
##$LEVSIGN= 3
##$MAXLEV= 32
##$METHOD= 0
##$NEGBASE= -1920240
##$NEGINCR= 1.8
##$POSBASE= 1920240
##$POSINCR= 1.8
##END=
