DU=/opt/topspin, USER=labor, NAME=EE_H07_etanol, EXPNO=10, PROCNO=1
F1=4.012ppm, F2=0.943ppm, MI=0.72cm, MAXI=19.33cm, PC=1.000
     #     ADDRESS            FREQUENCY         INTENSITY
                           [Hz]        [PPM]
     1     20213.2     1484.144       3.7092         2.49
     2     20241.1     1477.110       3.6916         7.11
     3     20268.8     1470.112       3.6741         6.97
     4     20296.5     1463.107       3.6566         2.54
     5     23363.2      688.378       1.7204         4.05
     6     24143.4      491.294       1.2278         8.45
     7     24171.3      484.255       1.2102        15.00
     8     24198.9      477.268       1.1928         7.22
