0.3830222216,0.3213938048
0.0588205839,0.4932842344
-0.2928987406,0.3972781873
-0.482342057,0.088526333
-0.4095570511,-0.2639415083
-0.1171144601,-0.4697204434
0.2346514917,-0.4198594079
0.455513509,-0.1444973971
0.4281938675,0.2051561262
0.1705947045,0.4398194052
-0.1755804269,0.434576806
-0.4227398172,0.1953332183
-0.4390321116,-0.1460465454
-0.2186471594,-0.4043794612
0.1166733449,-0.4415908875
0.3848455828,-0.2404782101
0.4422911451,0.0875760051
0.2607755652,0.3642474557
-0.0588656434,0.441177473
-0.342695884,0.2794959428
-0.4383006877,-0.0306489698
-0.296603571,-0.3203027201
0.003027968,-0.4337174687
0.2971803753,-0.3120701371
0.4274899786,-0.0239004002
0.3258747181,0.2734413558
0.0500444625,0.4196854694
-0.2491977989,0.3380036719
-0.4103758816,0.0753180682
-0.3484505103,-0.2245610301
-0.0996408028,-0.3996374322
0.1996411289,-0.3572157397
0.3875501942,-0.1229381637
0.3643066851,0.1745465172
0.1451417127,0.3741976747
-0.1493835577,0.3697372794
-0.3596663875,0.1661892023
-0.3735278466,-0.1242561766
-0.1860246676,-0.3440454248
0.0992655027,-0.3757048492
0.3274260311,-0.204598492
0.3763006273,0.0745095307
0.2218674506,0.3099011762
-0.050082799,0.3753531168
-0.291565132,0.2377947191
-0.3729055522,-0.0260760964
-0.2523498628,-0.2725130626
0.0025761906,-0.3690061566
0.2528406071,-0.2655087935
0.3637078175,-0.0203344238
0.2772537099,0.2326434857
0.0425777519,0.3570677531
-0.2120171047,0.2875730052
-0.3491471701,0.0640804968
-0.2964611593,-0.1910561797
-0.0847742421,-0.3400109138
0.169854366,-0.3039186029
0.3297271103,-0.1045956009
0.3099515684,0.1485039089
0.1234863463,0.3183668072
-0.1270953015,0.3145719097
-0.3060036103,0.1413935182
-0.3177969185,-0.1057169643
-0.1582695016,-0.2927133193
0.0844549374,-0.319649109
0.2785735646,-0.1740720829
0.320155996,0.0633925943
0.1887644863,0.2636634449
-0.0426103685,0.3193498555
-0.2480631667,0.2023153819
-0.3172674714,-0.0221855028
-0.2146988759,-0.2318536953
0.002191819,-0.3139498715
0.2151164004,-0.225894474
0.3094420528,-0.0173004965
0.2358870308,0.1979327205
0.0362250859,0.3037926962
-0.1803838272,0.2446666713
-0.2970538763,0.0545195883
-0.2522286992,-0.1625503044
-0.072125795,-0.2892807635
0.1445118338,-0.2585734808
0.2805313192,-0.0889897767
0.2637063186,0.1263468977
0.1050619939,0.2708659909
-0.1081324874,0.2676372979
-0.2603474019,0.1202973882
-0.2703811304,-0.089943831
-0.134655449,-0.2490400427
0.0718541311,-0.2719569712
0.2370099611,-0.1481002609
0.27238823,0.0539343219
0.1606005352,0.2243244542
-0.0362528361,0.2717023668
-0.2110517614,0.1721296164
-0.2699306776,-0.0188753917
-0.182665474,-0.197260768
0.0018647962,-0.2671080688
0.1830207032,-0.1921906717
0.2632728235,-0.0147192359
0.2006923237,0.1684008548
0.0308202475,0.2584663595
-0.1534702833,0.2081620284
-0.252732982,0.046385182
-0.2145957901,-0.1382975494
-0.0613645157,-0.2461196295
0.1229504464,-0.2199939205
0.2386756158,-0.0757123654
0.224360931,0.1074957466
0.0893865831,0.2304523692
-0.0919989543,0.2277054022
-0.2215031699,0.1023488332
-0.2300398506,-0.0765240733
-0.1145646493,-0.211882886
0.0611333844,-0.2313805736
0.2016477111,-0.1260034746
0.2317474879,0.0458872383
0.1366386888,0.1908549013
-0.0308438573,0.2311639566
-0.1795625146,0.1464476134
-0.2296566061,-0.0160591543
-0.1554115049,-0.1678291586
0.0015865658,-0.2272551348
0.1557137333,-0.1635155284
0.2239921141,-0.0125231033
0.1707487209,0.1432751887
0.0262218193,0.2199027819
-0.1305722814,0.1771039342
-0.2150248331,0.0394644417
-0.1825777688,-0.1176633427
-0.0522088357,-0.2093982029
0.104606051,-0.1871704899
0.2030648475,-0.0644159643
0.1908859357,0.0914572162
0.0760499677,0.1960685219
-0.0782725691,0.1937314066
-0.1884545569,0.0870782302
-0.1957175518,-0.0651065641
-0.0974714277,-0.1802696342
0.0520121896,-0.1968582368
0.171561563,-0.1072035628
0.1971704069,0.0390407919
0.1162519867,0.162379057
-0.0262419065,0.1966739394
-0.1527715118,0.1245974046
-0.1953914879,-0.0136631038
-0.1322238698,-0.1427887905
0.0013498477,-0.1933483199
0.1324810053,-0.1391187606
0.1905721468,-0.0106546371
0.1452727496,0.1218983106
0.0223094836,0.1870929493
-0.1110906966,0.1506797553
-0.1829427979,0.0335762864
-0.1553368854,-0.1001077914
-0.0444191973,-0.1781556696
0.0889986676,-0.1592443655
0.1727672605,-0.0548050035
0.1624054611,0.0778116591
0.0647031958,0.1668147975
-0.0665941816,0.1648263833
-0.1603368477,0.0740860245
-0.1665161926,-0.0553925648
-0.0829285411,-0.153373128
0.0442518911,-0.1674866857
0.1459643144,-0.0912086266
0.1677522795,0.0332158458
0.0989070118,0.1381518524
-0.0223265737,0.1673298857
-0.1299777677,0.1060072806
-0.166238778,-0.0116245478
-0.1124958654,-0.1214844838
0.0011484484,-0.1645004537
0.1127146359,-0.1183620279
0.1621384899,-0.0090649489
0.1235978323,0.1037108955
0.0189808744,0.159178394
-0.0945157941,0.1281981045
-0.1556474516,0.0285666529
-0.1321603836,-0.0851715552
-0.0377917849,-0.1515745702
0.0757199298,-0.1354848617
0.14699012,-0.0466280128
0.138174317,0.0662020401
0.0550493796,0.1419257736
-0.0566582275,0.1402340339
-0.1364143439,0.063032276
-0.141671721,-0.0471279091
-0.0705554755,-0.1304896219
0.037649441,-0.1424974151
0.1241862147,-0.0776001595
0.1427233819,0.0282599906
0.0841499338,0.117539384
-0.0189954147,0.1423640099
-0.1105848852,0.0901908316
-0.1414356971,-0.0098901474
-0.0957113096,-0.1033588123
0.0009770981,-0.1399567335
0.0958974392,-0.1007022316
0.1379471783,-0.0077124446
0.105156846,0.0882370707
0.0161488988,0.1354287333
-0.0804138925,0.1090707505
-0.1324246129,0.0243044644
-0.1124418515,-0.0724638284
-0.0321531926,-0.1289594116
0.0644224,-0.1152703123
0.1250589685,-0.0396710417
0.1175584968,0.0563245941
0.0468359277,0.1207502303
-0.048204733,0.1193109008
-0.1160611144,0.0536277636
-0.1205340828,-0.0400963527
-0.0600284902,-0.11102037
0.0320320866,-0.121236582
0.1056574408,-0.0660220966
0.1214288342,0.0240435566
0.0715946345,0.1000023274
-0.0161612696,0.1211230811
-0.0940854506,0.0767342211
-0.120333274,-0.0084145222
-0.0814310353,-0.0879375188
0.0008313136,-0.119074974
0.0815893941,-0.0856773041
0.1173652476,-0.006561736
0.0894672832,0.0750719643
0.0137394583,0.1152225584
-0.0684160163,0.0927972271
-0.1126666574,0.020678201
-0.0956653546,-0.061652114
-0.0273558869,-0.1097184695
0.0548104791,-0.0980718048
0.1063999784,-0.0337520614
0.1000185886,0.0479208782
0.0398479354,0.1027341106
-0.0410125128,0.1015095312
-0.0987446179,0.045626419
-0.1025502126,-0.0341139153
-0.0510721473,-0.0944559603
0.0272528501,-0.1031478978
0.0898931884,-0.0561714984
0.1033114658,0.0204562211
0.0609126051,0.0850818267
-0.0137499834,0.1030513314
-0.0800477569,0.0652853575
-0.1023793648,-0.0071590626
-0.0692813998,-0.074817106
0.0007072803,-0.1013088051
0.0694161312,-0.0728941188
0.0998541725,-0.0055827149
0.0761186272,0.063871112
0.01168951,0.0980311758
-0.0582082417,0.0789517384
-0.0958566191,0.0175929817
-0.0813919369,-0.0524535239
-0.0232743466,-0.0933483054
0.0466326714,-0.0834393409
0.0905249383,-0.028716202
0.0850956616,0.0407710096
0.0339025622,0.0874060236
-0.0348933829,0.0863641533
-0.0840117694,0.0388188872
-0.0872495634,-0.0290240668
-0.0434521045,-0.080362986
0.023186683,-0.0877580731
0.0764809867,-0.0477906246
0.0878972365,0.0174041215
0.0518243509,0.0723874875
-0.0116984648,0.0876759146
-0.0681045087,0.0555446819
-0.0871042064,-0.0060909195
-0.0589445086,-0.0636542789
0.000601753,-0.0861933758
0.0590591379,-0.0620182044
0.0849557766,-0.0047497653
0.0647616111,0.054341444
0.0099454172,0.0834047739
-0.0495234826,0.0671720178
-0.0815546644,0.0149680818
-0.0692481349,-0.0446273776
-0.0198017783,-0.0794205949
0.0396750053,-0.0709900632
0.0770184785,-0.0244317006
0.0723992583,0.0346879124
0.0288442479,0.0743649107
-0.0296872366,0.0734784891
-0.0714770844,0.0330270496
-0.0742317946,-0.0246936315
-0.0369689838,-0.0683727052
0.0197271943,-0.0746644339
0.0650699061,-0.0406601901
0.0747828338,0.0148073999
0.0440920782,0.0615871633
-0.0099530359,0.0745945335
-0.0579432115,0.0472573301
-0.0741081251,-0.0051821449
-0.0501498974,-0.0541569628
0.0005119705,-0.0733331919
0.0502474238,-0.0527649931
0.0722802443,-0.004041093
0.0550990793,0.0462336172
0.0084615457,0.0709606536
-0.042134503,0.0571498496
-0.0693865833,0.012734821
-0.0589162069,-0.0379689044
-0.0168473226,-0.0675709202
0.0337554336,-0.0603982368
0.0655272033,-0.0207864534
0.0615971778,0.0295124226
0.0245406418,0.0632695518
-0.0252578554,0.0625153857
-0.0608125937,0.0280993631
-0.0631562969,-0.0210093037
-0.0314531547,-0.0581713926
0.0167838666,-0.0635243857
0.0553613762,-0.0345936273
0.0636251202,0.0125981131
0.0375134725,0.052398264
-0.0084680276,0.0634649146
-0.0492979954,0.0402064639
-0.063051079,-0.0044089609
-0.0426674558,-0.0460766608
0.0004355837,-0.0623917671
0.0427504311,-0.0448923751
0.0614959209,-0.0034381557
0.0468782121,0.0393354905
0.0071990701,0.0603732151
-0.0358479705,0.0486230043
-0.0590339985,0.0108347662
-0.0501258184,-0.0323038856
-0.0143336762,-0.0574892352
0.0287190711,-0.0513867271
0.055750444,-0.0176850826
0.0524067843,0.0251091239
0.0208791404,0.0538296376
-0.0214893446,0.0531879942
-0.0517392613,0.023906895
-0.0537332805,-0.0178746834
-0.0267602957,-0.0494921315
0.014279688,-0.0540464499
0.0471013739,-0.029432205
0.0541321546,0.0107184553
0.0319164048,0.0445803625
-0.0072045849,0.0539958519
-0.0419426588,0.0342075978
-0.0536437613,-0.0037511372
-0.0363014059,-0.0392019523
0.000370594,-0.0530828196
0.0363720011,-0.0381943638
0.0523206351,-0.0029251776
0.0398839109,0.0334665749
0.0061249578,0.0513654387
-0.0304993983,0.0413683774
-0.0502260353,0.0092182024
-0.0426469693,-0.0274840963
-0.0121950697,-0.0489117531
0.0244341416,-0.0437197486
0.0474323921,-0.0150464411
0.0445876116,0.021362804
0.0177639406,0.045798173
-0.0182831014,0.0452522638
-0.0440196841,0.0203399496
-0.0457161925,-0.0152077532
-0.0227676185,-0.0421078295
0.0121491366,-0.0459826366
0.0400737766,-0.0250408748
0.0460555541,0.0091192453
0.0271544282,0.037928904
-0.0061296498,0.0459395879
-0.0356847497,0.0291037717
-0.0456400297,-0.0031914618
-0.0308851804,-0.0333529608
0.0003153008,-0.0451627815
0.0309452427,-0.0324957061
0.044514316,-0.0024887366
0.0339331702,0.0284733106
0.0052111047,0.0437016364
-0.0259488412,0.035196152
-0.0427322337,0.0078428325
-0.036283976,-0.0233834269
-0.0103755466,-0.0416140444
0.0207885301,-0.037196695
0.0403554064,-0.012801489
0.0379350715,0.0181754409
0.0151135334,0.0389650153
-0.0155552346,0.0385005566
-0.0374518797,0.0173051979
-0.0388952664,-0.0129387331
-0.0193706549,-0.0358252767
0.0103364668,-0.0391219566
0.0340947076,-0.0213047379
0.0391839947,0.0077586399
0.0231029458,0.0322698533
-0.0052150966,0.0390853309
-0.0303605303,0.0247614443
-0.0388304672,-0.0027152908
-0.026277064,-0.0283766479
0.0002682574,-0.0384244251
0.026328165,-0.0276472969
0.0378727118,-0.0021174133
0.0288702891,0.0242250489
0.0044335998,0.0371812852
-0.0220772343,0.0299448321
-0.0363565189,0.0066726698
-0.0308703511,-0.0198945837
-0.0088274991,-0.0354051651
0.0176868495,-0.031646891
0.0343343178,-0.0108914872
0.0322751006,0.0154636372
0.012858571,0.0331513752
-0.0132343697,0.0327562144
-0.0318640017,0.0147232358
-0.033092033,-0.0110082542
-0.0164805234,-0.0304800904
0.0087942501,-0.0332849006
0.0290077249,-0.0181260383
0.0333376825,0.0066010389
0.0196559508,0.0274551417
-0.0044369962,0.0332537395
-0.0258306925,0.0210669988
-0.0330369019,-0.0023101652
-0.0223564858,-0.0241428084
0.000228233,-0.0326914419
0.0223999624,-0.0235222777
0.032222045,-0.001801492
0.0245627976,0.0206106344
0.0037720999,0.0316337804
-0.018783277,0.0254770172
-0.0309320704,0.0056770973
-0.0262644473,-0.0169262813
-0.0075104227,-0.0301226601
0.0150479444,-0.0269251263
0.0292115849,-0.0092664606
0.0274596061,0.0131564388
0.0109400525,0.0282051391
-0.0112597814,0.027868937
-0.0271098438,0.0125265064
-0.0281546508,-0.0093658058
-0.014021604,-0.0259324141
0.0074821345,-0.0283187424
0.0246797278,-0.0154216055
0.0283636491,0.0056161538
0.0167232528,0.0233587924
-0.0037749896,0.0282922305
-0.0219767136,0.0179237702
-0.0281077454,-0.001965485
-0.0190208638,-0.0205406644
0.0001941803,-0.0278138286
0.0190578536,-0.0200127178
0.0274144664,-0.0015327066
0.0208979905,0.0175354961
0.0032092968,0.0269139718
-0.0159807833,0.0216758071
-0.0263169581,0.0048300656
-0.0223457515,-0.0144008541
-0.0063898561,-0.025628313
0.012802768,-0.0229078561
0.0248531716,-0.0078838905
0.0233625907,0.0111934779
0.0093077799,0.0239968891
-0.0095798047,0.0237108488
-0.0230650135,0.0106575324
-0.0239539337,-0.0079684132
-0.0119295592,-0.0220632581
0.0063657885,-0.0240935425
0.0209974745,-0.0131206783
0.0241317491,0.004778215
0.0142281178,0.0198736247
-0.0032117553,0.0240709863
-0.0186977542,0.0152495162
-0.0239140267,-0.0016722316
-0.0161829217,-0.0174759657
0.0001652083,-0.0236639627
0.0162143926,-0.0170267896
0.023324186,-0.0013040244
0.0177799783,0.0149191732
0.0027304648,0.0228983659
-0.0135964259,0.0184417434
-0.0223904275,0.0041094124
-0.0190117311,-0.0122522246
-0.0054364798,-0.0218045293
0.0108925754,-0.0194899688
0.0211450402,-0.0067076019
0.0198768563,0.0095233938
0.0079190448,0.0204165164
-0.0081504832,0.0201731537
-0.019623678,0.0090674122
-0.02037997,-0.0067795137
-0.0101496507,-0.0187713862
0.0054160031,-0.020498749
0.0178646191,-0.011163053
0.0205312551,0.004065298
0.0121052608,0.0169084494
-0.0027325565,0.0204795582
-0.0159080205,0.012974265
-0.0203460172,-0.0014227321
-0.0137684049,-0.0148685248
0.000140559,-0.0201332631
0.0137951803,-0.0144863664
0.0198441816,-0.001109462
0.0151271782,0.0126932097
0.0023230753,0.0194818945
-0.0115678183,0.015690207
-0.0190497414,0.0034962818
-0.0161751516,-0.0104241739
-0.0046253486,-0.0185512601
0.0092673864,-0.0165820355
0.0179901678,-0.0057068174
0.0169111988,0.0081024889
0.0067375112,0.0173703408
-0.0069344186,0.0171632882
-0.0166957952,0.0077145404
-0.0173392472,-0.0057679999
-0.0086353072,-0.0159706665
0.0046079271,-0.0174403042
0.0151991905,-0.0094975083
0.0174679603,0.0034587493
0.0102991373,0.0143856828
-0.0023248549,0.0174239767
-0.0135345194,0.0110384847
-0.0173103602,-0.0012104583
-0.0117141378,-0.0126501181
0.0001195873,-0.0171293493
0.0117369182,-0.0123249783
0.0168833992,-0.0009439286
0.01287018,0.0107993633
0.0019764689,0.016575166
-0.009841882,0.013349204
-0.0162074907,0.0029746312
-0.0137617941,-0.0088688711
-0.0039352395,-0.0157833836
0.0078846781,-0.0141079704
0.0153060071,-0.0048553515
0.014388022,0.0068935851
0.0057322642,0.0147786593
-0.0058997927,0.0146024993
-0.0142047569,0.0065635191
-0.0147522049,-0.0049074054
-0.0073469061,-0.0135878186
0.0039204173,-0.014838184
0.0129314479,-0.0080804655
0.0148617138,0.0029426986
0.0087624902,0.0122393168
-0.001977983,0.0148242926
-0.0115151484,0.0093915258
-0.0147276279,-0.0010298561
-0.0099663704,-0.010762701
0.0001017447,-0.0145736241
0.009985752,-0.0104860726
0.0143643702,-0.000803093
0.0109499294,0.0091880817
0.0016815767,0.0141021257
-0.0083734581,0.0113574823
-0.0137893082,0.0025308116
-0.0117085133,-0.0075456219
-0.0033480957,-0.0134284785
0.0067082721,-0.0120030395
0.0130223274,-0.0041309256
0.012241307,0.0058650516
0.0048770015,0.0125736606
-0.0050195346,0.012423784
-0.0120853854,0.005584232
-0.0125511533,-0.004175213
-0.0062507364,-0.0115604952
0.003335485,-0.0126243042
0.0110020561,-0.0068748476
0.0126443233,0.0025036434
0.0074551132,0.010413192
-0.0016828649,0.0126124854
-0.0097970706,0.0079902958
-0.0125302432,-0.0008762
-0.0084793727,-0.0091568895
8.65642625996962E-05,-0.012399217
0.0084958625,-0.0089215345
0.0122211841,-0.0006832703
0.0093161831,0.0078172058
0.0014306829,0.0119980669
-0.0071241253,0.0096629285
-0.0117319223,0.0021532107
-0.0099615852,-0.0064198036
-0.0028485547,-0.0114249289
0.0057073876,-0.0102121676
0.0110793761,-0.0035145851
0.0104148852,0.0049899769
0.0041493454,0.0106976512
-0.0042706123,0.0105701363
-0.0102822273,0.004751056
-0.010678502,-0.0035522648
-0.005318117,-0.0098356515
0.0028378255,-0.0107407386
0.0093605324,-0.0058491098
0.0107577709,0.002130096
0.0063427989,0.0088595277
-0.0014317788,0.0107306832
-0.0083353326,0.0067981314
-0.0106607117,-0.0007454696
-0.0072142372,-0.0077906675
7.36487417323066E-05,-0.0105492348
0.0072282668,-0.0075904279
0.0103977647,-0.0005813253
0.0079261943,0.0066508667
0.0012172228,0.0102079369
-0.0060611949,0.0082212047
-0.0099815014,0.0018319483
-0.0084753014,-0.005461959
-0.002423546,-0.009720312
0.0048558366,-0.0086884965
0.0094263162,-0.0029902036
0.0088609684,0.0042454647
0.0035302567,0.0091015452
-0.0036334304,0.0089930558
-0.0087481032,0.0040421912
-0.0090852531,-0.0030222614
-0.0045246457,-0.0083681572
0.0024144176,-0.0091382039
0.0079639266,-0.0049764137
0.0091526949,0.0018122824
0.0053964435,0.0075376726
-0.0012181552,0.0091296488
-0.0070916882,0.0057838397
-0.0090701171,-0.0006342444
-0.006137862,-0.006628288
6.26602364051446E-05,-0.0089752728
0.0061497983,-0.0064579244
0.0088464022,-0.0004945907
0.0067435939,0.0056585472
0.0010356113,0.0086848971
-0.0051568553,0.0069945884
-0.0084922461,0.0015586188
-0.0072107734,-0.0046470263
-0.0020619492,-0.0082700265
0.0041313383,-0.0073921595
0.0080198954,-0.0025440607
0.0075388983,0.0036120348
0.003003537,0.0077435807
-0.003091317,0.007651278
-0.0074428728,0.00343909
-0.0077297194,-0.0025713354
-0.0038495617,-0.0071196153
0.0020541828,-0.0077747699
0.0067756965,-0.0042339251
0.0077870988,0.0015418871
0.0045912859,0.0064130403
-0.0010364046,0.0077674912
-0.0060335974,0.004920882
-0.0077168417,-0.0005396141
-0.0052220835,-0.0056393372
5.331123294142E-05,-0.0076361483
0.0052322389,-0.0054943921
0.0075265054,-0.000420797
0.0057374394,0.0048142833
0.0008810965,0.0073890971
-0.0043874446,0.005950985
-0.0072251899,0.0013260705
-0.0061349149,-0.0039536829
-0.0017543032,-0.0070361259
0.0035149363,-0.006289238
0.0068233147,-0.0021644829
0.0064140831,0.0030731137
0.0025554047,0.0065882265
-0.0026300878,0.0065096956
-0.0063323847,0.0029259725
-0.0065764334,-0.0021876882
-0.0032752011,-0.0060573578
0.0017476956,-0.0066147623
0.0057647522,-0.003602217
0.0066252517,0.0013118352
0.003906259,0.0054562048
-0.0008817715,0.0066085696
-0.0051333754,0.0041866788
-0.0065654771,-0.0004591029
-0.0044429407,-0.0047979395
4.53571151468012E-05,-0.0064968233
0.0044515808,-0.0046746204
0.0064035393,-0.0003580134
0.0048814046,0.0040959848
0.0007496355,0.0062866325
-0.0037328311,0.0050630889
-0.0061471805,0.0011282187
-0.0052195762,-0.0033637873
-0.0014925585,-0.0059863251
0.0029905024,-0.005350874
0.0058052656,-0.0018415387
0.005457092,0.0026146004
0.0021741344,0.005605253
-0.0022376746,0.005538439
-0.0053875832,0.0024894129
-0.0055952194,-0.0018612818
-0.0027865361,-0.0051535907
0.0014869367,-0.0056278296
0.0049046423,-0.0030647607
0.005636754,0.0011161073
0.0033234391,0.0046421307
-0.0007502098,0.0056225609
-0.0043674679,0.0035620199
-0.0055858978,-0.000390604
-0.0037800471,-0.0040820795
3.85897639377936E-05,-0.0055274873
0.0037873981,-0.0039771599
0.0054481214,-0.0003045973
0.0041530915,0.0034848576
0.0006377888,0.0053486573
-0.003175887,0.0043076683
-0.0052300117,0.0009598868
-0.0044408074,-0.0028619051
-0.0012698665,-0.0050931562
0.0025443148,-0.0045525154
0.0049391111,-0.0015667783
0.0046428855,0.002224498
0.0018497502,0.0047689407
-0.0019038101,0.0047120954
-0.0045837475,0.0021179887
-0.0047604041,-0.0015835757
-0.0023707806,-0.0043846671
0.0012650835,-0.0047881488
0.0041728622,-0.0026074937
0.0047957416,0.0009495824
0.0028275769,0.0039495177
-0.0006382773,0.0047836661
-0.003715835,0.0030305611
-0.0047524733,-0.0003323253
-0.0032160583,-0.003473027
3.28321119177338E-05,-0.0047027777
0.0032223125,-0.0033837615
0.0046352533,-0.0002591509
0.0035334439,0.0029649115
0.0005426297,0.0045506294
-0.0027020398,0.0036649576
-0.004449686,0.0008166702
-0.0037782321,-0.0024349045
-0.0010804004,-0.0043332495
0.0021646992,-0.0038732731
0.0042021881,-0.0013330126
0.0039501599,0.0018925995
0.0015737646,0.0040574074
-0.0016197587,0.0040090436
-0.0038998454,0.0018019815
-0.0040501445,-0.0013473038
-0.0020170565,-0.003730468
0.0010763311,-0.0040737496
0.0035502647,-0.0022184516
0.0040802096,0.0008079033
0.0024056981,0.0033602436
-0.0005430454,0.0040699358
-0.0031614267,0.0025783967
-0.004043397,-0.0002827419
-0.0027362174,-0.002954846
2.79335104178546E-05,-0.004001116
0.0027415386,-0.0028788991
0.0039436664,-0.0002204852
0.0030062487,0.0025225421
0.0004616685,0.0038716685
-0.0022988913,0.0031181403
-0.003785786,0.0006948217
-0.0032145141,-0.002071613
-0.000919203,-0.003686722
0.0018417227,-0.0032953748
0.0035752152,-0.0011341251
0.00336079,0.0016102207
0.0013389565,0.003452036
-0.0013780882,0.0034108881
-0.0033179824,0.0015331231
-0.0034458567,-0.001146284
-0.0017161086,-0.0031738765
0.0009157408,-0.0034659399
0.0030205598,-0.0018874552
0.0034714361,0.0006873629
0.0020467643,0.0028588901
-0.0004620222,0.0034626951
-0.002689737,0.002193696
-0.0034401159,-0.0002405563
-0.0023279696,-0.0025139785
2.37657877819094E-05,-0.0034041434
0.0023324968,-0.0024493629
0.0033552653,-0.0001875885
0.0025577117,0.002146175
0.0003927869,0.0032940096
-0.0019558932,0.002652909
-0.0032209409,0.0005911533
-0.0027349037,-0.0017625251
-0.0007820565,-0.0031366574
0.0015669349,-0.0028036998
0.0030417876,-0.0009649119
0.0028593549,0.0013699733
0.0011391822,0.0029369869
-0.0011724754,0.0029019784
-0.0028229344,0.0013043788
-0.0029317296,-0.0009752566
-0.0014600626,-0.0027003292
0.0007791109,-0.0029488164
0.0025698876,-0.001605844
0.0029534925,0.0005848073
0.0017413839,0.0024323393
-0.0003930878,0.0029460557
-0.0022884241,0.0018663932
-0.0029268454,-0.000204665
-0.001980633,-0.002138889
2.02198957611911E-05,-0.00289624
0.0019844847,-0.0020839142
0.0028546546,-0.0001596
0.0021760972,0.0018259624
0.0003341825,0.0028025383
-0.0016640709,0.0022570909
-0.0027403716,0.0005029523
-0.0023268518,-0.0014995537
-0.0006653725,-0.0026686633
0.0013331458,-0.0023853835
0.0025879482,-0.0008209455
0.0024327348,0.0011655712
0.0009692144,0.002498784
-0.0009975402,0.0024689987
-0.0024017482,0.0011097635
-0.002494311,-0.0008297468
-0.001242219,-0.002297436
0.0006628663,-0.0025088484
0.0021864564,-0.0013662496
0.0025128269,0.0004975531
0.0014815667,0.0020694305
-0.0003344385,0.0025064997
-0.0019469877,0.0015879244
-0.0024901555,-0.0001741286
-0.0016851195,-0.0018197635
1.72030562732616E-05,-0.0024641165
0.0016883965,-0.001772991
0.0024287357,-0.0001357874
0.0018514202,0.001553526
0.0002843219,0.0023843953
-0.001415789,0.0019203294
-0.0023315039,0.000427911
-0.001979682,-0.001275818
-0.0005660979,-0.0022704947
0.0011342384,-0.0020294806
0.0022018224,-0.0006984592
0.002069767,0.0009916662
0.0008246061,0.0021259616
-0.0008487057,0.0021006203
-0.0020434037,0.0009441851
-0.002122156,-0.0007059473
-0.001056878,-0.001954655
0.0005639657,-0.0021345244
0.0018602338,-0.0011624031
0.0021379092,0.0004233174
0.0012605147,0.0017606683
-0.0002845397,0.0021325261
-0.0016564942,0.0013510037
-0.0021186205,-0.0001481484
-0.0014336971,-0.001548252
1.46363338682795E-05,-0.0020964665
0.0014364852,-0.001508458
0.0020663646,-0.0001155277
0.0015751854,0.0013217375
0.0002419007,0.0020286399
-0.0012045511,0.0016338133
-0.00198364,0.0003640661
-0.0016843104,-0.001085464
-0.0004816352,-0.0019317334
0.0009650083,-0.001726679
0.0018733071,-0.000594248
0.0017609546,0.0008437081
0.0007015736,0.0018087648
-0.0007220775,0.0017872046
-0.0017385247,0.0008033112
-0.0018055271,-0.0006006189
-0.0008991902,-0.0016630175
0.0004798211,-0.0018160501
0.001582684,-0.0009889708
0.0018189299,0.0003601578
0.001072444,0.0014979739
-0.000242086,0.0018143499
-0.0014093427,0.0011494318
-0.0018025191,-0.0001260444
-0.0012197873,-0.0013172504
1.2452570386485E-05,-0.0017836705
0.0012221594,-0.0012833938
0.0017580599,-9.82908049437016E-05
0.0013401654,0.0011245323
0.0002058087,0.0017259637
-0.0010248302,0.0013900459
-0.0016876778,0.0003097468
-0.0014330087,-0.0009235111
-0.0004097745,-0.0016435158
0.0008210276,-0.0014690558
0.0015938068,-0.0005055853
0.0014982175,0.0007178255
0.0005968978,0.0015388943
-0.0006143424,0.0015205509
-0.0014791342,0.0006834559
-0.0015361397,-0.0005110057
-0.0007650296,-0.0014148927
0.0004082311,-0.0015450926
0.0013465452,-0.0008414148
0.0015475428,0.0003064217
0.0009124337,0.0012744739
-0.0002059664,0.0015436461
-0.0011990666,0.0009779349
-0.0015335805,-0.0001072384
-0.0010377931,-0.0011207146
1.05946277684896E-05,-0.0015175441
0.0010398113,-0.0010919095
0.0014957546,-8.36256659563993E-05
0.0011402106,0.0009567503
0.0001751017,0.0014684472
-0.000871924,0.0011826489
-0.0014358737,0.0002635321
-0.0012192016,-0.0007857218
-0.0003486355,-0.0013983007
0.000698529,-0.0012498705
0.0013560084,-0.0004301512
0.0012746811,0.0006107249
0.0005078397,0.0013092889
-0.0005226816,0.0012936824
-0.0012584451,0.0005814833
-0.0013069453,-0.0004347628
-0.000650886,-0.0012037885
0.0003473224,-0.0013145624
0.0011456386,-0.0007158744
0.001316647,0.0002607031
0.0007762972,0.0010843204
-0.0001752359,0.0013133317
-0.001020164,0.0008320255
-0.0013047679,-9.12382601329959E-05
-0.0008829528,-0.0009535023
9.01389304114146E-06,-0.0012911242
0.0008846699,-0.0009289949
0.0012725857,-7.11485882192034E-05
0.0009700895,0.0008140017
0.0001489763,0.0012493527
-0.0007418316,0.0010061959
-0.0012216392,0.0002242127
-0.0010372948,-0.0006684909
-0.0002966186,-0.0011896721
0.0005943074,-0.0010633879
0.0011536899,-0.000365972
0.0010844967,0.0005196038
0.0004320692,0.001113941
-0.0004446967,0.001100663
-0.0010706831,0.0004947251
-0.001111947,-0.0003698955
-0.0005537728,-0.0010241814
0.0002955013,-0.0011184277
0.0009747075,-0.0006090649
0.0011202013,0.0002218058
0.0006604725,0.0009225382
-0.0001490904,0.0011173806
-0.000867954,0.000707886
-0.0011100945,-7.76253716582341E-05
-0.0007512149,-0.0008112383
0.000007669,-0.0010984865
0.0007526758,-0.0007903874
0.001082714,-6.05331096341331E-05
0.0008253506,0.0006925514
0.0001267488,0.0010629473
-0.0006311492,0.0008560699
-0.0010393687,0.0001907599
-0.0008825289,-0.000568751
-0.0002523626,-0.0010121712
0.0005056358,-0.0009047288
0.0009815576,-0.0003113684
0.0009226882,0.0004420781
0.0003676039,0.0009477393
-0.0003783473,0.0009364424
-0.0009109356,0.0004209113
-0.0009460428,-0.0003147066
-0.0004711491,-0.000871372
0.0002514121,-0.0009515566
0.0008292797,-0.0005181914
0.0009530655,0.0001887121
0.0005619289,0.000784894
-0.0001268459,0.0009506657
-0.0007384539,0.0006022683
-0.0009444667,-6.6043547041642E-05
-0.0006391325,-0.0006902003
6.52477883998897E-06,-0.0009345906
0.0006403754,-0.0006724604
0.0009211714,-5.15014767502116E-05
0.000702207,0.0005892217
0.0001078377,0.000904354
-0.0005369807,0.000728343
-0.0008842933,0.0001622982
-0.0007508542,-0.0004838925
-0.0002147097,-0.0008611537
0.0004301942,-0.0007697418
0.0008351077,-0.0002649118
0.0007850217,0.0003761194
0.0003127568,0.0008063352
-0.0003218973,0.0007967237
-0.0007750226,0.0003581107
-0.0008048918,-0.0002677519
-0.0004008529,-0.000741362
0.000213901,-0.0008095829
0.0007055499,-0.0004408765
0.0008108667,0.0001605559
0.0004780883,0.0006677867
-0.0001079203,0.0008088249
-0.0006282755,0.000512409
-0.0008035508,-5.61897484373823E-05
-0.0005437729,-0.0005872213
5.55127182073857E-06,-0.0007951483
0.0005448304,-0.0005721283
0.0007837312,-4.38173773573167E-05
0.0005974367,0.0005013089
9.17481331662454E-05,0.000769423
-0.0004568624,0.0006196731
-0.0007523554,0.0001380831
-0.0006388256,-0.000411695
-0.0001826747,-0.0007326682
0.0003660085,-0.0006548952
0.0007105083,-0.0002253865
0.0006678952,0.0003200018
0.000266093,0.0006860287
-0.0002738697,0.0006778513
-0.000659388,0.00030468
-0.0006848007,-0.0002278029
-0.000341045,-0.0006307496
0.0001819867,-0.0006887919
0.0006002807,-0.000375097
0.0006898841,0.0001366007
0.0004067568,0.0005681519
-9.18184167419851E-05,0.000688147
-0.0005345358,0.0004359568
-0.0006836598,-4.78061517116286E-05
-0.0004626412,-0.000499607
0.000004723,-0.0006765109
0.0004635409,-0.0004867659
4.16333634234434E-17,-5.55111512312578E-17
4.16333634234434E-17,2.77555756156289E-17
-5.55111512312578E-17,1.66533453693773E-16
5.55111512312578E-17,2.77555756156289E-17
-2.77555756156289E-17,-2.77555756156289E-17
-1.73472347597681E-16,2.22044604925031E-16
-9.71445146547012E-17,-1.66533453693773E-16
8.32667268468867E-17,-1.66533453693773E-16
-1.94289029309402E-16,-5.55111512312578E-17
2.77555756156289E-17,-1.11022302462516E-16
1.38777878078145E-17,-5.55111512312578E-17
-1.11022302462516E-16,8.32667268468867E-17
8.32667268468867E-17,1.11022302462516E-16
-2.77555756156289E-17,2.77555756156289E-17
-1.2490009027033E-16,5.55111512312578E-17
-8.32667268468867E-17,-1.66533453693773E-16
-8.32667268468867E-17,-3.46944695195361E-17
-1.11022302462516E-16,-1.66533453693773E-16
2.77555756156289E-17,-2.77555756156289E-17
5.55111512312578E-17,-2.77555756156289E-17
5.55111512312578E-17,-1.73472347597681E-18
-8.32667268468867E-17,8.32667268468867E-17
-3.20490162186715E-16,1.66533453693773E-16
-1.66533453693773E-16,-8.32667268468867E-17
8.32667268468867E-17,-8.84708972748172E-17
2.77555756156289E-17,-5.55111512312578E-17
9.71445146547012E-17,-8.32667268468867E-17
5.55111512312578E-17,0
-8.32667268468867E-17,1.11022302462516E-16
5.55111512312578E-17,3.19189119579732E-16
-2.77555756156289E-16,2.22044604925031E-16
-3.60822483003176E-16,-8.32667268468867E-17
2.77555756156289E-17,2.77555756156289E-17
5.55111512312578E-17,0
1.11022302462516E-16,1.66533453693773E-16
8.32667268468867E-17,1.94289029309402E-16
0,2.77555756156289E-17
-1.11022302462516E-16,1.38777878078145E-16
-2.4980018054066E-16,5.55111512312578E-17
-4.23272528138341E-16,1.11022302462516E-16
-2.77555756156289E-17,1.38777878078145E-17
5.55111512312578E-17,-6.93889390390723E-18
-1.38777878078145E-17,-5.55111512312578E-17
1.59594559789866E-16,-1.38777878078145E-16
-8.32667268468867E-17,8.32667268468867E-17
-1.11022302462516E-16,9.0205620750794E-17
-1.66533453693773E-16,2.22044604925031E-16
-2.97505076130022E-16,1.11022302462516E-16
-8.32667268468867E-17,0
-1.66533453693773E-16,-1.71737624121704E-16
8.32667268468867E-17,-1.38777878078145E-17
2.08166817117217E-17,-1.11022302462516E-16
4.16333634234434E-17,8.32667268468867E-17
8.32667268468867E-17,1.87350135405495E-16
-1.38777878078145E-16,1.94289029309402E-16
-2.08166817117217E-16,2.4980018054066E-16
-8.32667268468867E-17,-2.77555756156289E-17
-1.11022302462516E-16,-1.17961196366423E-16
2.22044604925031E-16,2.77555756156289E-17
1.04083408558608E-16,-1.38777878078145E-16
2.4980018054066E-16,1.66533453693773E-16
1.38777878078145E-16,1.11022302462516E-16
0,4.09394740330527E-16
-2.4980018054066E-16,3.05311331771918E-16
0,0
-5.55111512312578E-17,-2.77555756156289E-17
2.22044604925031E-16,-2.77555756156289E-17
4.16333634234434E-17,8.32667268468867E-17
-5.89805981832114E-17,-5.55111512312578E-17
-8.32667268468867E-17,1.52655665885959E-16
-8.32667268468867E-17,6.07153216591883E-17
-1.66533453693773E-16,2.22044604925031E-16
7.54604712049911E-17,-5.55111512312578E-17
-4.16333634234434E-17,2.77555756156289E-17
-2.77555756156289E-17,3.46944695195361E-18
6.93889390390723E-17,-1.38777878078145E-17
-4.85722573273506E-17,2.22044604925031E-16
1.11022302462516E-16,5.55111512312578E-17
1.38777878078145E-16,2.04697370165263E-16
-8.32667268468867E-17,1.94289029309402E-16
-6.93889390390723E-17,0
-5.55111512312578E-17,2.77555756156289E-17
1.66533453693773E-16,-9.0205620750794E-17
1.66533453693773E-16,-2.77555756156289E-17
7.63278329429795E-17,5.55111512312578E-17
1.38777878078145E-17,1.38777878078145E-16
0,1.80411241501588E-16
-2.22044604925031E-16,1.66533453693773E-16
-4.16333634234434E-17,1.52655665885959E-16
-2.35922392732846E-16,-1.11022302462516E-16
-2.77555756156289E-17,-1.38777878078145E-16
5.55111512312578E-17,-2.22044604925031E-16
1.38777878078145E-16,0
3.05311331771918E-16,-1.11022302462516E-16
2.77555756156289E-16,1.66533453693773E-16
-8.32667268468867E-17,2.91433543964104E-16
-8.32667268468867E-17,0
-4.59701721133854E-17,0
8.32667268468867E-17,-2.08166817117217E-16
1.38777878078145E-16,3.46944695195361E-17
-1.38777878078145E-17,4.16333634234434E-17
1.196959198424E-16,0
8.32667268468867E-17,1.11022302462516E-16
1.66533453693773E-16,1.87350135405495E-16
-1.2490009027033E-16,-6.93889390390723E-17
1.04083408558608E-17,5.55111512312578E-17
-6.2450045135165E-17,-2.77555756156289E-17
8.32667268468867E-17,-8.32667268468867E-17
9.71445146547012E-17,6.93889390390723E-18
1.17961196366423E-16,-2.77555756156289E-17
1.52655665885959E-16,2.77555756156289E-17
1.11022302462516E-16,1.52655665885959E-16
-1.38777878078145E-17,-6.2450045135165E-17
-1.11022302462516E-16,-4.16333634234434E-17
1.73472347597681E-17,-1.11022302462516E-16
6.93889390390723E-17,-2.77555756156289E-17
0,1.38777878078145E-17
8.32667268468867E-17,-2.77555756156289E-17
-6.07153216591883E-17,-6.93889390390723E-17
-5.55111512312578E-17,8.32667268468867E-17
-2.77555756156289E-17,3.81639164714898E-17
-2.08166817117217E-16,1.52655665885959E-16
-4.68375338513738E-17,-8.32667268468867E-17
-2.77555756156289E-17,-8.32667268468867E-17
8.32667268468867E-17,-1.82145964977565E-16
1.52655665885959E-16,-1.38777878078145E-16
1.09287578986539E-16,-5.55111512312578E-17
1.94289029309402E-16,1.52655665885959E-16
-8.32667268468867E-17,4.16333634234434E-17
-5.55111512312578E-17,1.31838984174237E-16
-2.08166817117217E-17,-1.94289029309402E-16
6.93889390390723E-18,-8.32667268468867E-17
4.16333634234434E-17,2.08166817117217E-17
1.38777878078145E-16,-1.04083408558608E-16
8.32667268468867E-17,5.55111512312578E-17
4.16333634234434E-17,1.11022302462516E-16
-9.71445146547012E-17,-1.38777878078145E-17
-4.16333634234434E-17,-2.08166817117217E-17
6.93889390390723E-18,-1.66533453693773E-16
-1.56125112837913E-16,-1.38777878078145E-17
1.38777878078145E-16,6.93889390390723E-17
-6.93889390390723E-17,-7.28583859910259E-17
0,1.11022302462516E-16
1.80411241501588E-16,9.71445146547012E-17
-1.2490009027033E-16,-3.46944695195361E-17
-2.08166817117217E-16,1.73472347597681E-18
1.38777878078145E-17,-2.08166817117217E-16
-7.45931094670027E-17,-1.38777878078145E-16
1.66533453693773E-16,2.77555756156289E-17
1.2490009027033E-16,-1.21430643318377E-17
5.55111512312578E-17,1.38777878078145E-16
1.73472347597681E-18,1.80411241501588E-16
4.85722573273506E-17,1.2490009027033E-16
-1.38777878078145E-17,1.52655665885959E-16
-5.55111512312578E-17,-6.93889390390723E-18
-1.59594559789866E-16,-2.77555756156289E-17
-8.32667268468867E-17,-1.11022302462516E-16
-1.52655665885959E-16,-1.31838984174237E-16
2.35922392732846E-16,-5.55111512312578E-17
2.0122792321331E-16,5.55111512312578E-17
-7.63278329429795E-17,2.77555756156289E-17
-1.38777878078145E-17,4.16333634234434E-17
-4.16333634234434E-17,-4.85722573273506E-17
5.55111512312578E-17,-1.11022302462516E-16
-2.77555756156289E-17,5.55111512312578E-17
-1.52655665885959E-16,-6.93889390390723E-18
0,-1.38777878078145E-17
7.63278329429795E-17,0
-2.77555756156289E-17,-1.38777878078145E-17
-8.32667268468867E-17,4.16333634234434E-17
-1.52655665885959E-16,-4.33680868994202E-17
-1.11022302462516E-16,-2.08166817117217E-16
7.80625564189563E-17,-1.52655665885959E-16
0,-6.93889390390723E-17
1.2490009027033E-16,1.43982048506075E-16
5.55111512312578E-17,6.2450045135165E-17
-7.80625564189563E-17,1.11022302462516E-16
4.16333634234434E-17,4.16333634234434E-17
-6.93889390390723E-17,-7.63278329429795E-17
-1.38777878078145E-17,-1.52655665885959E-16
1.70002900645727E-16,-5.55111512312578E-17
1.2490009027033E-16,-5.55111512312578E-17
0,1.6306400674182E-16
0,6.93889390390723E-17
4.85722573273506E-17,-2.77555756156289E-17
1.83880688453542E-16,1.52655665885959E-16
-2.77555756156289E-17,9.0205620750794E-17
-8.32667268468867E-17,1.17961196366423E-16
-2.22044604925031E-16,-4.16333634234434E-17
-1.31838984174237E-16,-2.77555756156289E-17
-1.80411241501588E-16,0
2.77555756156289E-17,-1.00613961606655E-16
-1.52655665885959E-16,6.2450045135165E-17
-7.97972798949331E-17,2.77555756156289E-17
-1.2490009027033E-16,-1.80411241501588E-16
-2.77555756156289E-17,-1.04083408558608E-16
1.66533453693773E-16,-6.2450045135165E-17
8.84708972748172E-17,8.32667268468867E-17
1.38777878078145E-17,1.2490009027033E-16
-8.32667268468867E-17,9.19403442267708E-17
0,2.63677968348475E-16
-1.85615411929518E-16,5.55111512312578E-17
-1.59594559789866E-16,-1.31838984174237E-16
-6.93889390390723E-17,-1.09287578986539E-16
-4.16333634234434E-17,-1.94289029309402E-16
9.36750677027476E-17,0
1.11022302462516E-16,9.71445146547012E-17
1.2490009027033E-16,7.63278329429795E-17
-9.0205620750794E-17,1.80411241501588E-16
-1.70002900645727E-16,1.17961196366423E-16
-2.91433543964104E-16,-4.85722573273506E-17
-2.08166817117217E-17,-1.2490009027033E-16
1.17961196366423E-16,-2.25514051876985E-16
1.38777878078145E-16,-1.04083408558608E-16
1.52655665885959E-16,2.08166817117217E-17
1.04083408558608E-16,9.71445146547012E-17
5.55111512312578E-17,1.90819582357449E-17
1.04083408558608E-16,6.2450045135165E-17
3.64291929955129E-17,-2.77555756156289E-17
3.46944695195361E-17,4.16333634234434E-17
-1.38777878078145E-17,2.25514051876985E-17
-3.46944695195361E-17,1.66533453693773E-16
-1.16226472890446E-16,-6.93889390390723E-18
-1.04083408558608E-16,-9.71445146547012E-17
-3.46944695195361E-17,1.97758476261356E-16
-5.55111512312578E-17,1.94289029309402E-16
-2.00360561475321E-16,8.32667268468867E-17
-7.63278329429795E-17,-1.45716771982052E-16
-2.08166817117217E-17,-1.76941794549634E-16
8.32667268468867E-17,-7.28583859910259E-17
8.84708972748172E-17,1.38777878078145E-17
2.08166817117217E-17,1.11022302462516E-16
1.59594559789866E-16,1.6306400674182E-16
-8.32667268468867E-17,2.08166817117217E-16
-1.52655665885959E-16,1.38777878078145E-16
-1.87350135405495E-16,-8.32667268468867E-17
-2.15105711021124E-16,-1.73472347597681E-16
-6.93889390390723E-18,-5.55111512312578E-17
1.11022302462516E-16,-1.38777878078145E-17
1.07552855510562E-16,6.93889390390723E-17
1.66533453693773E-16,1.66533453693773E-16
4.85722573273506E-17,1.07552855510562E-16
-7.63278329429795E-17,2.08166817117217E-16
-1.31838984174237E-16,-6.2450045135165E-17
-6.93889390390723E-17,-1.94289029309402E-16
-2.77555756156289E-17,-1.42247325030098E-16
1.59594559789866E-16,-8.32667268468867E-17
8.06646416329215E-17,0
0,-7.63278329429795E-17
1.73472347597681E-16,-2.42861286636753E-17
1.73472347597681E-16,2.77555756156289E-17
5.8113236445223E-17,7.63278329429795E-17
-4.16333634234434E-17,2.35922392732846E-16
-1.38777878078145E-17,1.45716771982052E-16
-5.55111512312578E-17,6.59194920871187E-17
-8.67361737988404E-17,-7.63278329429795E-17
6.93889390390723E-18,1.38777878078145E-17
-2.77555756156289E-17,-5.55111512312578E-17
-4.16333634234434E-17,7.63278329429795E-17
8.32667268468867E-17,-7.63278329429795E-17
0,3.46944695195361E-17
1.04083408558608E-16,1.04083408558608E-17
-8.32667268468867E-17,2.60208521396521E-17
-1.04083408558608E-17,-3.46944695195361E-17
1.00613961606655E-16,4.85722573273506E-17
0,1.21430643318377E-16
0,8.84708972748172E-17
4.85722573273506E-17,6.93889390390723E-17
-2.42861286636753E-17,8.32667268468867E-17
8.32667268468867E-17,9.0205620750794E-17
2.77555756156289E-17,5.76795555762288E-17
-1.21430643318377E-16,-1.45716771982052E-16
3.40439482160448E-17,-5.55111512312578E-17
1.14491749414469E-16,6.93889390390723E-17
1.38777878078145E-16,8.15320033709099E-17
-1.38777878078145E-17,-3.81639164714898E-17
-3.81639164714898E-17,0
1.38777878078145E-17,6.93889390390723E-17
-9.71445146547012E-17,1.33573707650214E-16
-9.71445146547012E-17,-2.77555756156289E-17
-2.41126563160776E-16,-2.77555756156289E-17
3.46944695195361E-18,-2.28983498828939E-16
3.46944695195361E-17,-2.15105711021124E-16
2.70616862252382E-16,-1.66533453693773E-16
3.20923843055709E-16,4.16333634234434E-17
2.75821032680312E-16,1.87350135405495E-16
-4.16333634234434E-17,3.71230823859037E-16
-2.77555756156289E-16,1.30104260698261E-16
3.81639164714898E-17,0
1.43982048506075E-16,-8.32667268468867E-17
1.2490009027033E-16,4.85722573273506E-17
1.38777878078145E-17,1.15359111152458E-16
-9.71445146547012E-17,1.07552855510562E-16
-9.71445146547012E-17,1.38777878078145E-17
-6.2450045135165E-17,6.59194920871187E-17
-6.93889390390723E-17,-3.46944695195361E-17
9.71445146547012E-17,-6.59194920871187E-17
1.9260851594205E-16,6.93889390390723E-18
1.00613961606655E-16,-4.16333634234434E-17
4.85722573273506E-17,1.6306400674182E-16
-4.5102810375397E-17,1.52655665885959E-16
-3.20923843055709E-17,8.32667268468867E-17
-1.17961196366423E-16,4.16333634234434E-17
-1.80411241501588E-16,-9.54097911787244E-17
-1.38777878078145E-17,-1.2490009027033E-16
8.32667268468867E-17,-2.08166817117217E-17
1.59594559789866E-16,-2.77555756156289E-17
9.0205620750794E-17,6.76542155630955E-17
-4.16333634234434E-17,1.45716771982052E-16
-6.93889390390723E-17,1.04083408558608E-16
-1.66533453693773E-16,2.08166817117217E-17
-1.73472347597681E-16,-6.41847686111419E-17
-3.2612801348364E-16,1.54390389361936E-16
-2.84494650060196E-16,-2.15105711021124E-16
-7.97972798949331E-17,-2.08166817117217E-16
2.15105711021124E-16,-2.67147415300428E-16
2.22044604925031E-16,-6.93889390390723E-17
3.81639164714898E-16,7.97972798949331E-17
1.27502175484295E-16,2.42861286636753E-16
-1.73472347597681E-16,1.76941794549634E-16
1.11022302462516E-16,3.90312782094782E-18
1.31838984174237E-16,6.2450045135165E-17
1.15684371804203E-16,6.93889390390723E-17
-5.20417042793042E-17,1.14491749414469E-16
-7.97972798949331E-17,8.1748843805407E-17
6.93889390390723E-18,1.38777878078145E-17
-1.72604985859692E-16,5.20417042793042E-17
-1.38777878078145E-16,-4.16333634234434E-17
1.31838984174237E-16,2.34187669256869E-17
1.35308431126191E-16,-5.20417042793042E-17
2.37657116208823E-16,3.12250225675825E-17
7.97972798949331E-17,2.08166817117217E-17
-1.11022302462516E-16,1.33573707650214E-16
-8.32667268468867E-17,7.45931094670027E-17
-1.07552855510562E-16,1.38777878078145E-16
-2.84494650060196E-16,-3.46944695195361E-18
-4.16333634234434E-17,-1.00613961606655E-16
1.00613961606655E-16,-5.89805981832114E-17
1.57859836313889E-16,-3.46944695195361E-18
5.03069808033274E-17,9.71445146547012E-17
7.28583859910259E-17,2.42861286636753E-16
-4.5102810375397E-17,1.37043154602168E-16
-9.0205620750794E-17,2.46330733588707E-16
-1.30971622436249E-16,2.0122792321331E-16
1.28369537222284E-16,2.22044604925031E-16
-1.56125112837913E-16,6.13658429626796E-17
6.93889390390723E-18,8.32667268468867E-17
-1.19641709733775E-16,-9.36750677027476E-17
-3.46944695195361E-17,-1.14491749414469E-16
7.63278329429795E-17,-1.40078920685127E-16
2.1163626406917E-16,1.87350135405495E-16
-5.11743425413158E-17,3.29597460435593E-16
-5.3776427755281E-17,-3.81639164714898E-17
-3.12250225675825E-17,-4.0766001685455E-17
3.46944695195361E-17,-6.59194920871187E-17
6.76542155630955E-17,-1.14491749414469E-16
1.49186218934005E-16,9.36750677027476E-17
1.14491749414469E-16,1.0842021724855E-16
1.94289029309402E-16,2.68882138776405E-16
3.12250225675825E-17,2.74086309204336E-16
-7.97972798949331E-17,-3.46944695195361E-18
-5.55111512312578E-17,-3.98986399474666E-17
2.77555756156289E-17,-1.09287578986539E-16
1.73472347597681E-17,-8.32667268468867E-17
2.29850860566927E-16,4.5102810375397E-17
1.45716771982052E-16,1.73472347597681E-17
1.73472347597681E-16,1.77809156287623E-16
-6.93889390390723E-18,2.28983498828939E-16
-1.16226472890446E-16,1.73472347597681E-17
-1.38777878078145E-16,-6.59194920871187E-17
-1.04083408558608E-17,-2.15322551455621E-16
1.11022302462516E-16,-1.2490009027033E-16
2.62919026827735E-16,3.46944695195361E-18
2.67147415300428E-16,7.63278329429795E-17
2.28983498828939E-16,2.67581096169422E-16
1.38777878078145E-17,3.05311331771918E-16
-4.33680868994202E-17,6.2450045135165E-17
-2.56739074444567E-16,1.66533453693773E-16
-1.35308431126191E-16,-1.6826817716975E-16
-4.16333634234434E-17,-1.92554305833426E-16
1.22298005056365E-16,-2.32452945780892E-16
2.1163626406917E-16,-6.93889390390723E-17
3.46944695195361E-16,9.4542429440736E-17
3.50414142147315E-16,3.33066907387547E-16
-6.67868538251071E-17,-1.66533453693773E-16
1.50920942409982E-16,-1.76941794549634E-16
9.0205620750794E-17,-1.28369537222284E-16
1.80411241501588E-16,-1.21430643318377E-17
2.22044604925031E-16,1.2490009027033E-16
2.77555756156289E-17,8.67361737988404E-17
1.45716771982052E-16,4.16333634234434E-17
-1.04083408558608E-17,1.12757025938492E-16
-1.00613961606655E-16,-1.70002900645727E-16
-7.24247051220317E-17,-9.0205620750794E-17
5.20417042793042E-17,-2.09901540593194E-16
3.81639164714898E-17,-4.68375338513738E-17
1.94289029309402E-16,-6.2450045135165E-17
1.1145598333151E-16,6.93889390390723E-17
1.54390389361936E-16,-4.33680868994202E-17
1.80411241501588E-16,9.28077059647592E-17
-1.61329283265843E-16,-6.41847686111419E-17
-1.66099772824779E-16,-1.35308431126191E-16
-6.2450045135165E-17,-2.16840434497101E-16
7.63278329429795E-17,-1.28803218091278E-16
2.25514051876985E-16,-1.35308431126191E-16
3.08780778723872E-16,7.28583859910259E-17
1.80411241501588E-16,3.12250225675825E-17
1.07552855510562E-16,1.14491749414469E-16
-1.42247325030098E-16,7.19910242530375E-17
-1.47451495458029E-16,1.38777878078145E-16
-1.795438797636E-16,-1.17961196366423E-16
-9.71445146547012E-17,-1.16226472890446E-16
1.83880688453542E-16,-1.37910516340156E-16
2.15105711021124E-16,-3.46944695195361E-17
2.41993924898765E-16,-1.21430643318377E-16
1.92554305833426E-16,3.46944695195361E-17
-1.11022302462516E-16,1.47451495458029E-17
-9.54097911787244E-17,-9.54097911787244E-17
4.98732999343332E-17,-1.56125112837913E-16
8.67361737988404E-18,-1.31838984174237E-16
1.35308431126191E-16,-1.62630325872826E-16
2.74086309204336E-16,1.38777878078145E-17
1.78242837156617E-16,1.04083408558608E-17
9.19403442267708E-17,2.42861286636753E-17
-1.80411241501588E-16,-1.90819582357449E-17
-1.43982048506075E-16,7.45931094670027E-17
-6.20163642661709E-17,-4.16333634234434E-17
2.08166817117217E-17,-2.25514051876985E-16
4.16333634234434E-17,-1.86482773667507E-16
1.57859836313889E-16,-7.45931094670027E-17
2.81892564846231E-17,-1.73472347597681E-17
2.19442519711066E-16,9.0205620750794E-17
-4.85722573273506E-17,5.63785129692462E-17
-2.37657116208823E-16,-3.90312782094782E-17
-1.17961196366423E-16,-1.6826817716975E-16
-2.51534904016637E-17,-2.08166817117217E-16
5.72458747072346E-17,-2.47198095326695E-16
2.74086309204336E-16,-1.40512601554121E-16
6.93889390390723E-17,-3.46944695195361E-17
1.67400815431762E-16,7.28583859910259E-17
-1.04083408558608E-16,1.30104260698261E-16
-3.64291929955129E-17,1.72604985859692E-16
-3.12250225675825E-17,-5.89805981832114E-17
-7.80625564189563E-17,-8.32667268468867E-17
-7.97972798949331E-17,-1.17961196366423E-16
1.2490009027033E-16,-1.1666015375944E-16
-3.12250225675825E-17,-8.67361737988404E-17
1.81712284108571E-16,-1.196959198424E-16
-2.20309881449054E-16,1.94289029309402E-16
-2.94902990916057E-16,2.94902990916057E-17
-1.42247325030098E-16,-2.25514051876985E-16
-8.60856524953491E-17,-2.55004350968591E-16
5.20417042793042E-17,-2.30718222304915E-16
2.56739074444567E-16,-1.01047642475649E-16
6.2450045135165E-17,1.73472347597681E-18
1.69569219776733E-16,1.30104260698261E-16
-1.25767452008319E-16,1.99493199737333E-16
-1.196959198424E-16,1.83880688453542E-16
-2.1163626406917E-16,4.85722573273506E-17
-2.09901540593194E-16,-1.42247325030098E-16
-1.0321604682062E-16,-2.75821032680312E-16
1.87350135405495E-16,-1.76941794549634E-16
5.3776427755281E-17,-6.07153216591883E-17
2.22044604925031E-16,-6.59194920871187E-17
-3.90312782094782E-18,2.91433543964104E-16
-2.8275992658422E-16,2.8275992658422E-16
-2.39391839684799E-16,7.45931094670027E-17
-2.19442519711066E-16,-1.73472347597681E-16
-8.65193333643433E-17,-2.70616862252382E-16
1.49186218934005E-16,-2.76688394418301E-16
1.00613961606655E-16,-3.38271077815477E-17
2.23779328401008E-16,1.90819582357449E-17
6.20163642661709E-17,2.81025203108243E-16
-1.28369537222284E-16,2.70616862252382E-16
-2.27248775352962E-16,1.40078920685127E-16
-2.94902990916057E-16,-1.34441069388203E-16
-1.18828558104411E-16,-3.38271077815477E-16
1.07552855510562E-16,-2.8796409701215E-16
5.72458747072346E-17,3.46944695195361E-18
1.73472347597681E-16,4.85722573273506E-17
1.26201132877313E-16,2.60208521396521E-16
-4.85722573273506E-17,4.04190569902596E-16
-2.63677968348475E-16,9.8879238130678E-17
-3.15719672627779E-16,-4.77048955893622E-17
-2.91433543964104E-16,-2.94902990916057E-16
2.86229373536173E-17,-3.67761376907083E-16
1.43982048506075E-16,-7.97972798949331E-17
2.4459601011273E-16,-6.46184494801361E-17
2.45463371850718E-16,2.23779328401008E-16
1.08853898117545E-16,3.67761376907083E-16
-9.54097911787244E-17,2.28983498828939E-16
-3.83373888190874E-16,7.84962372879505E-17
-2.87096735274162E-16,-7.28583859910259E-17
-1.18828558104411E-16,-4.09394740330527E-16
6.76542155630955E-17,-1.795438797636E-16
3.08780778723872E-16,-2.03830008427275E-16
2.73218947466347E-16,1.13624387676481E-16
1.56125112837913E-16,3.71230823859037E-16
-3.64291929955129E-17,2.03830008427275E-16
-2.96637714392034E-16,2.05998412772246E-16
-3.28730098697605E-16,-3.55618312575245E-17
-2.72785266597353E-16,-2.84494650060196E-16
4.5102810375397E-17,-1.61329283265843E-16
1.87350135405495E-16,-2.69098979210902E-16
3.08780778723872E-16,1.96023752785379E-16
1.57426155444895E-16,2.9316826744008E-16
-1.22298005056365E-16,2.61943244872498E-16
-3.52148865623292E-16,1.6002824065886E-16
-3.97251675998689E-16,-2.25514051876985E-17
-2.26381413614973E-16,-3.46944695195361E-16
5.8113236445223E-17,-2.08166817117217E-16
1.31838984174237E-16,-2.26381413614973E-16
-6.93889390390723E-18,-2.08166817117217E-17
6.93889390390723E-17,7.80625564189563E-17
1.38777878078145E-17,-9.71445146547012E-17
9.0205620750794E-17,5.55111512312578E-17
8.32667268468867E-17,1.38777878078145E-16
-1.17961196366423E-16,0
8.32667268468867E-17,2.08166817117217E-16
-1.94289029309402E-16,-1.04083408558608E-16
5.55111512312578E-17,-1.2490009027033E-16
2.35922392732846E-16,-1.17961196366423E-16
1.31838984174237E-16,0
1.2490009027033E-16,9.71445146547012E-17
8.32667268468867E-17,9.71445146547012E-17
-8.32667268468867E-17,2.77555756156289E-17
-1.11022302462516E-16,2.04697370165263E-16
-4.09394740330527E-16,-2.08166817117217E-17
-8.67361737988404E-17,-2.08166817117217E-17
1.80411241501588E-16,-9.71445146547012E-17
9.71445146547012E-17,-1.43982048506075E-16
1.52655665885959E-16,4.16333634234434E-17
1.33573707650214E-16,1.90819582357449E-16
-1.11022302462516E-16,2.22044604925031E-16
-1.47885176327023E-16,2.60208521396521E-16
-3.33066907387547E-16,4.16333634234434E-17
1.37043154602168E-16,1.47451495458029E-17
1.11022302462516E-16,1.38777878078145E-17
-3.29597460435593E-17,-1.04083408558608E-16
-6.93889390390723E-18,1.04083408558608E-16
0,-3.46944695195361E-18
-1.52655665885959E-16,-1.2490009027033E-16
2.42861286636753E-17,1.00613961606655E-16
-1.38777878078145E-17,-1.38777878078145E-17
6.93889390390723E-17,-1.00613961606655E-16
1.87350135405495E-16,-1.04083408558608E-16
2.08166817117217E-17,-6.93889390390723E-17
1.80411241501588E-16,9.71445146547012E-17
1.17961196366423E-16,1.94289029309402E-16
-9.0205620750794E-17,2.08166817117217E-17
0,7.63278329429795E-17
-2.08166817117217E-16,3.46944695195361E-17
-2.77555756156289E-17,-1.31838984174237E-16
1.52655665885959E-16,-2.0122792321331E-16
2.77555756156289E-17,-4.16333634234434E-17
1.12757025938492E-16,-6.93889390390723E-18
9.0205620750794E-17,-3.46944695195361E-17
-2.0122792321331E-16,1.73472347597681E-17
0,2.35922392732846E-16
-2.46330733588707E-16,1.12757025938492E-17
-6.93889390390723E-17,-3.46944695195361E-17
3.72965547335013E-17,-3.83373888190874E-16
1.2490009027033E-16,-2.56739074444567E-16
3.00107161343988E-16,6.93889390390723E-18
2.4980018054066E-16,1.87350135405495E-16
-2.08166817117217E-17,2.53269627492614E-16
6.2450045135165E-17,2.15105711021124E-16
-2.98372437868011E-16,1.49186218934005E-16
6.93889390390723E-17,-1.2490009027033E-16
1.52655665885959E-16,-1.73472347597681E-16
1.11022302462516E-16,-6.2450045135165E-17
1.45716771982052E-16,4.16333634234434E-17
2.08166817117217E-17,4.85722573273506E-17
-1.59594559789866E-16,2.0122792321331E-16
-1.31838984174237E-16,1.28369537222284E-16
-1.11022302462516E-16,-6.2450045135165E-17
5.55111512312578E-17,-2.25514051876985E-16
4.16333634234434E-17,-1.80411241501588E-16
3.64291929955129E-17,1.11022302462516E-16
1.38777878078145E-16,6.93889390390723E-17
8.67361737988404E-17,5.46437894932694E-17
-4.16333634234434E-17,1.66533453693773E-16
1.73472347597681E-18,2.51534904016637E-17
-1.66533453693773E-16,1.17961196366423E-16
1.73472347597681E-18,-1.17093834628434E-16
-8.32667268468867E-17,-6.93889390390723E-17
4.33680868994202E-18,-1.795438797636E-16
1.38777878078145E-17,5.55111512312578E-17
2.51534904016637E-17,-1.99493199737333E-17
-6.2450045135165E-17,1.2490009027033E-16
-3.81639164714898E-17,7.80625564189563E-17
-1.52655665885959E-16,2.22044604925031E-16
-1.6306400674182E-16,1.04083408558608E-17
-9.71445146547012E-17,-3.19189119579732E-16
2.08166817117217E-17,-1.07552855510562E-16
2.4980018054066E-16,-2.4980018054066E-16
9.0205620750794E-17,2.77555756156289E-17
1.49186218934005E-16,1.94289029309402E-16
5.55111512312578E-17,1.80411241501588E-16
-5.89805981832114E-17,2.35922392732846E-16
-6.93889390390723E-18,-2.70616862252382E-16
-1.00613961606655E-16,-1.42247325030098E-16
1.52655665885959E-16,-4.16333634234434E-17
2.98372437868011E-16,-9.19403442267708E-17
3.46944695195361E-17,1.73472347597681E-16
-1.04083408558608E-16,1.95156391047391E-16
-9.0205620750794E-17,1.11022302462516E-16
-1.40512601554121E-16,1.17093834628434E-16
4.85722573273506E-17,-7.63278329429795E-17
2.68882138776405E-17,3.12250225675825E-17
1.80411241501588E-16,1.52655665885959E-16
-2.51534904016637E-17,-7.02563007770607E-17
-2.77555756156289E-17,-2.77555756156289E-17
-5.3776427755281E-17,3.12250225675825E-17
4.16333634234434E-17,-9.0205620750794E-17
7.28583859910259E-17,7.28583859910259E-17
1.94289029309402E-16,4.16333634234434E-17
-5.89805981832114E-17,2.35922392732846E-16
5.20417042793042E-17,1.11022302462516E-16
-6.93889390390723E-18,-2.08166817117217E-17
-1.80411241501588E-16,-1.35308431126191E-16
-9.0205620750794E-17,-4.85722573273506E-17
-2.08166817117217E-17,-8.32667268468867E-17
9.71445146547012E-17,1.04083408558608E-17
1.45716771982052E-16,9.36750677027476E-17
-1.76941794549634E-16,6.59194920871187E-17
3.12250225675825E-17,-1.90819582357449E-17
-3.46944695195361E-18,-1.87350135405495E-16
5.89805981832114E-17,-9.0205620750794E-17
7.63278329429795E-17,4.85722573273506E-17
3.29597460435593E-17,-2.16840434497101E-17
1.11022302462516E-16,9.71445146547012E-17
-1.55257751099924E-16,-7.71951946809679E-17
-9.0205620750794E-17,6.93889390390723E-17
9.54097911787244E-17,-1.07552855510562E-16
1.59594559789866E-16,-9.0205620750794E-17
1.0842021724855E-17,-1.73472347597681E-18
1.66533453693773E-16,1.38777878078145E-16
2.77555756156289E-17,1.73472347597681E-16
-3.46944695195361E-17,4.85722573273506E-17
1.73472347597681E-18,5.20417042793042E-18
-7.63278329429795E-17,-4.85722573273506E-17
2.25514051876985E-17,-8.15320033709099E-17
2.42861286636753E-17,-6.2450045135165E-17
3.81639164714898E-17,-4.16333634234434E-17
1.31838984174237E-16,1.07552855510562E-16
2.08166817117217E-17,1.00613961606655E-16
4.5102810375397E-17,1.76941794549634E-16
3.81639164714898E-17,3.12250225675825E-17
5.3776427755281E-17,1.11022302462516E-16
2.77555756156289E-17,-7.97972798949331E-17
-7.28583859910259E-17,-6.93889390390723E-17
-8.32667268468867E-17,1.07552855510562E-16
1.38777878078145E-17,1.42247325030098E-16
-5.89805981832114E-17,-3.12250225675825E-17
1.37043154602168E-16,8.67361737988404E-18
4.85722573273506E-17,-6.93889390390723E-18
-9.19403442267708E-17,1.73472347597681E-16
-1.38777878078145E-17,-4.85722573273506E-17
-1.21430643318377E-17,-9.71445146547012E-17
-3.46944695195361E-17,0
8.32667268468867E-17,-4.68375338513738E-17
1.11022302462516E-16,0
1.85615411929518E-16,5.20417042793042E-17
-5.89805981832114E-17,2.4980018054066E-16
-8.15320033709099E-17,1.04083408558608E-16
-9.71445146547012E-17,-5.89805981832114E-17
-1.26634813746307E-16,-2.27248775352962E-16
1.52655665885959E-16,-1.73472347597681E-16
1.30104260698261E-16,-1.73472347597681E-17
1.35308431126191E-16,-1.04083408558608E-17
1.6826817716975E-16,1.83880688453542E-16
1.04083408558608E-17,-8.15320033709099E-17
1.56125112837913E-16,3.81639164714898E-17
5.20417042793042E-18,-1.75207071073658E-16
3.46944695195361E-18,-2.77555756156289E-17
2.77555756156289E-17,6.93889390390723E-18
4.16333634234434E-17,9.71445146547012E-17
7.28583859910259E-17,-1.00613961606655E-16
1.59594559789866E-16,-1.38777878078145E-16
-2.94902990916057E-17,8.84708972748172E-17
1.73472347597681E-16,3.46944695195361E-18
4.16333634234434E-17,2.60208521396521E-17
-3.81639164714898E-17,-6.93889390390723E-17
-2.42861286636753E-17,2.02962646689286E-16
2.08166817117217E-17,9.36750677027476E-17
1.21430643318377E-17,-6.93889390390723E-17
2.25514051876985E-16,-2.08166817117217E-16
-3.81639164714898E-17,-1.02348685082632E-16
-1.38777878078145E-17,1.21430643318377E-16
-8.67361737988404E-18,-8.67361737988404E-18
1.38777878078145E-17,0
1.6826817716975E-16,-4.5102810375397E-17
-3.81639164714898E-17,3.81639164714898E-17
4.5102810375397E-17,-1.61329283265843E-16
1.07552855510562E-16,-2.32452945780892E-16
7.45931094670027E-17,2.22044604925031E-16
1.11022302462516E-16,1.59594559789866E-16
-1.89084858881472E-16,-1.73472347597681E-18
-7.11236625150491E-17,-1.64798730217797E-16
4.16333634234434E-17,6.93889390390723E-17
1.73472347597681E-16,-7.45931094670027E-17
-4.85722573273506E-17,-2.08166817117217E-16
1.43982048506075E-16,-3.48679418671338E-16
-9.0205620750794E-17,2.67147415300428E-16
-1.80411241501588E-16,4.0766001685455E-17
-1.97758476261356E-16,-7.63278329429795E-17
-3.81639164714898E-17,-1.31838984174237E-16
2.08166817117217E-16,-1.52655665885959E-16
3.03576608295941E-16,-3.81639164714898E-17
-1.28369537222284E-16,-1.00613961606655E-16
6.07153216591883E-17,-2.53269627492614E-16
4.16333634234434E-17,2.60208521396521E-16
-8.50014503228636E-17,-2.86229373536173E-17
-1.52655665885959E-16,5.55111512312578E-17
-1.76074432811646E-16,-1.33573707650214E-16
1.07552855510562E-16,-4.5102810375397E-17
1.85615411929518E-16,-1.28369537222284E-16
-1.97758476261356E-16,-1.40512601554121E-16
-1.04083408558608E-16,-4.38885039422132E-16
-7.45931094670027E-17,1.45716771982052E-16
-5.55111512312578E-17,1.31838984174237E-16
-1.89084858881472E-16,6.93889390390723E-18
-1.04083408558608E-17,-3.81639164714898E-17
8.67361737988404E-17,-2.4980018054066E-16
7.45931094670027E-17,-7.80625564189563E-17
-1.87350135405495E-16,-6.41847686111419E-17
-2.1163626406917E-16,-2.39391839684799E-16
1.77809156287623E-16,1.6826817716975E-16
-2.77555756156289E-17,1.83880688453542E-16
-1.96023752785379E-16,9.80118763926896E-17
-2.22044604925031E-16,-1.04083408558608E-17
-9.8879238130678E-17,-1.6306400674182E-16
1.14491749414469E-16,-1.87350135405495E-16
-1.78676518025611E-16,-3.81639164714898E-17
-7.28583859910259E-17,-2.42861286636753E-16
1.11022302462516E-16,1.87350135405495E-16
3.81639164714898E-17,1.00613961606655E-16
-2.56739074444567E-16,1.34441069388203E-16
-1.76941794549634E-16,7.97972798949331E-17
-1.77809156287623E-16,-2.15105711021124E-16
6.93889390390723E-18,-2.91433543964104E-16
-1.99493199737333E-16,7.97972798949331E-17
-2.58473797920544E-16,-1.96023752785379E-16
3.98986399474666E-16,1.16226472890446E-16
1.66533453693773E-16,2.37657116208823E-16
3.46944695195361E-18,2.55004350968591E-16
-3.12250225675825E-16,1.89084858881472E-16
-9.0205620750794E-17,-3.64291929955129E-17
-1.35308431126191E-16,-1.57859836313889E-16
-1.99493199737333E-16,1.00613961606655E-16
-1.90819582357449E-16,-2.35922392732846E-16
1.14491749414469E-16,-1.04083408558608E-16
2.59341159658533E-16,-2.16840434497101E-17
5.89805981832114E-17,1.73472347597681E-18
1.05818132034585E-16,9.19403442267708E-17
-1.00613961606655E-16,9.36750677027476E-17
-8.76035355368288E-17,7.89299181569447E-17
-2.04697370165263E-16,1.11022302462516E-16
-3.84241249928863E-16,-7.63278329429795E-17
3.08780778723872E-16,-5.20417042793042E-17
2.2291196666302E-16,3.38271077815477E-17
4.5102810375397E-17,1.73472347597681E-16
-1.92554305833426E-16,2.55871712706579E-16
-1.59594559789866E-16,8.50014503228636E-17
-2.04697370165263E-16,-7.28583859910259E-17
-1.83880688453542E-16,2.60208521396521E-16
-3.19189119579732E-16,-1.10154940724527E-16
-2.22044604925031E-16,1.73472347597681E-17
-1.45716771982052E-16,-1.17961196366423E-16
-1.16226472890446E-16,-3.24393290007663E-16
2.18575157973078E-16,-3.33066907387547E-16
1.57859836313889E-16,-6.2450045135165E-17
2.53269627492614E-16,1.23165366794353E-16
5.55111512312578E-17,5.63785129692462E-16
-4.37150315946155E-16,3.92047505570758E-16
-1.82145964977565E-16,-5.20417042793042E-18
-2.15105711021124E-16,-1.89084858881472E-16
-6.93889390390723E-17,-3.17454396103756E-16
1.47451495458029E-16,-1.50920942409982E-16
2.5804011705155E-16,-6.41847686111419E-17
8.15320033709099E-17,7.63278329429795E-17
5.72458747072346E-17,5.4080004363577E-16
-4.9960036108132E-16,3.81639164714898E-16
-2.85578852232682E-16,1.75207071073658E-16
-4.00721122950642E-16,-1.35308431126191E-16
-7.97972798949331E-17,-3.93782229046735E-16
7.80625564189563E-17,-2.42861286636753E-16
2.57172755313562E-16,-1.70002900645727E-16
2.35922392732846E-16,1.52655665885959E-16
2.75821032680312E-16,5.82867087928207E-16
-3.34801630863524E-16,6.85215773010839E-16
-5.89805981832114E-17,5.03069808033274E-17
-1.6826817716975E-16,9.0205620750794E-17
-7.71951946809679E-17,-4.25007251614318E-17
-5.20417042793042E-18,-9.54097911787244E-17
8.76035355368288E-17,-8.32667268468867E-17
1.196959198424E-16,6.67868538251071E-17
2.7148422399037E-16,4.90926743701436E-16
-1.47451495458029E-16,4.90926743701436E-16
1.07552855510562E-16,-1.04083408558608E-16
-1.57859836313889E-16,-9.54097911787244E-18
0,-1.40512601554121E-16
1.70870262383716E-16,-1.72171304990698E-16
2.35922392732846E-16,1.42247325030098E-16
5.63785129692462E-18,3.00107161343988E-16
2.67147415300428E-16,3.6949610038306E-16
-1.89084858881472E-16,4.94613031087887E-16
-7.28583859910259E-17,-2.77555756156289E-17
-3.47486796281604E-17,-5.3776427755281E-17
-1.04083408558608E-17,-3.36536354339501E-16
1.38777878078145E-16,-2.01011082778813E-16
2.13370987545147E-16,-8.67361737988404E-18
2.07733136248223E-16,2.64545330086463E-16
1.83880688453542E-16,3.08780778723872E-16
-2.51534904016637E-17,4.64038529823796E-16
-1.42247325030098E-16,4.33680868994202E-17
-3.99853761212654E-16,-1.83013326715553E-16
-2.18575157973078E-16,-3.93782229046735E-16
2.42861286636753E-16,-5.11743425413158E-16
4.68375338513738E-16,-1.77809156287623E-16
5.3776427755281E-16,3.54750950837257E-16
2.78423117894278E-16,4.19803081186387E-16
5.46437894932694E-17,5.91540705308091E-16
-1.47451495458029E-16,1.04083408558608E-16
-2.30718222304915E-16,2.60208521396521E-18
-1.2490009027033E-16,-2.68014777038417E-16
7.80625564189563E-17,-1.97758476261356E-16
3.03576608295941E-16,-1.40078920685127E-16
3.98986399474666E-16,6.07153216591883E-17
2.49366499671666E-16,2.6628005356244E-16
-1.90819582357449E-17,3.97251675998689E-16
5.89805981832114E-17,3.59955121265187E-17
-5.20417042793042E-17,7.28583859910259E-17
-8.18572640226556E-17,-3.90312782094782E-17
5.20417042793042E-17,-1.92554305833426E-16
4.5102810375397E-17,-1.71954464556201E-16
2.39391839684799E-16,1.196959198424E-16
1.43982048506075E-16,8.06646416329215E-17
5.72458747072346E-17,2.89698820488127E-16
1.51788304147971E-16,-3.77302356024955E-17
3.72965547335013E-17,7.28583859910259E-17
-2.04697370165263E-16,2.94902990916057E-17
-3.38271077815477E-17,-5.3776427755281E-17
5.03069808033274E-17,-1.49186218934005E-16
1.11022302462516E-16,-4.42354486374086E-17
1.72604985859692E-16,1.51788304147971E-16
2.02095284951298E-16,2.54136989230602E-16
1.30104260698261E-17,1.88217497143484E-16
-2.2811613709095E-16,5.11743425413158E-17
-1.78676518025611E-16,-1.24032728532342E-16
-2.1987620058006E-16,-3.12250225675825E-16
1.67400815431762E-16,-3.24393290007663E-16
4.23272528138341E-16,-1.7130394325271E-16
3.78169717762944E-16,9.8879238130678E-17
1.88434337577981E-16,2.46330733588707E-16
7.28583859910259E-17,1.90819582357449E-17
-8.67361737988404E-17,1.45066250678561E-16
-5.20417042793042E-18,-5.55111512312578E-17
-9.98008099772907E-17,-2.2291196666302E-16
1.78676518025611E-16,-1.94289029309402E-16
2.62810606610486E-16,-5.14996031930615E-17
1.71737624121704E-16,-1.21430643318377E-17
1.4810201676152E-16,1.14491749414469E-16
1.16226472890446E-16,-5.89805981832114E-17
2.24646690138997E-16,1.60895602396849E-16
-6.93889390390723E-18,1.01481323344643E-16
-2.32452945780892E-16,1.31838984174237E-16
-1.30971622436249E-16,-1.23165366794353E-16
9.4542429440736E-17,-1.23165366794353E-16
1.49186218934005E-16,-2.05564731903252E-16
1.8474805019153E-16,-1.55257751099924E-16
1.74339709335669E-16,-8.84708972748172E-17
3.01841884819964E-16,1.70002900645727E-16
-1.6306400674182E-16,1.43548367637081E-16
-1.77809156287623E-16,1.23165366794353E-16
-2.56305393575573E-16,-2.60208521396521E-18
-4.68375338513738E-17,-2.18575157973078E-16
-3.38271077815477E-17,-6.20163642661709E-17
1.50053580671994E-16,-1.39645239816133E-16
1.76291273246143E-16,-3.55618312575245E-17
1.28369537222284E-16,1.4658413372004E-16
-4.5102810375397E-17,4.53196508098941E-17
-1.37043154602168E-16,1.06685493772574E-16
-4.78133158066107E-17,-1.71737624121704E-16
4.5102810375397E-17,-1.83013326715553E-16
-5.3776427755281E-17,-2.12503625807159E-17
-3.12250225675825E-17,-6.41847686111419E-17
-2.81892564846231E-18,8.93382590128056E-17
2.48932818802672E-16,2.02962646689286E-16
3.12250225675825E-17,-2.16840434497101E-18
1.73472347597681E-18,-8.67361737988404E-19
-2.31585584042904E-16,2.21177243187043E-17
-5.11743425413158E-17,-1.4658413372004E-16
-1.1666015375944E-16,1.17093834628434E-16
-1.25767452008319E-16,-2.19442519711066E-16
-3.27862736959617E-16,-1.65666091955785E-16
-1.86916454536501E-16,-3.56919355182228E-16
1.09287578986539E-16,-3.12250225675825E-16
3.5605199344424E-16,-2.16406753628107E-16
4.20670442924376E-16,-1.82145964977565E-17
1.94722710178397E-16,1.45716771982052E-16
-1.99493199737333E-17,4.93528828915402E-16
-4.1286418728248E-16,3.7470027081099E-16
-1.42247325030098E-16,-1.37043154602168E-16
-8.41340885848751E-17,-1.72171304990698E-16
2.60208521396521E-18,-3.67761376907083E-16
2.04697370165263E-16,-5.89805981832114E-17
1.56125112837913E-16,4.59701721133854E-17
2.25514051876985E-16,1.68701858038745E-16
-2.60208521396521E-17,3.72965547335014E-16
-2.14238349283136E-16,8.41340885848751E-17
-3.57353036051222E-16,7.97972798949331E-17
-2.03830008427275E-16,-1.50487261540988E-16
-7.97972798949331E-17,-4.21537804662364E-16
1.04950770296597E-16,-4.07226335985555E-16
2.97505076130022E-16,-9.62771529167128E-17
2.8796409701215E-16,-5.98479599211998E-17
2.04697370165263E-16,4.79651041107587E-16
-3.14418630020796E-16,4.05925293378573E-16
-1.0842021724855E-16,3.29163779566599E-16
-2.23779328401008E-16,1.03649727689614E-16
-3.17454396103756E-16,-3.33934269125535E-16
7.24247051220317E-17,-4.53630188967935E-16
1.89518539750466E-16,-3.963843142607E-16
1.76074432811646E-16,-5.55111512312578E-17
2.0643209364124E-16,3.9269802687425E-16
-1.25767452008319E-16,5.38631639290799E-16
-2.97938756999017E-16,-4.77048955893622E-18
-1.21430643318377E-16,-1.25767452008319E-16
-1.78242837156617E-16,-5.14345510627123E-16
2.4459601011273E-16,-4.0766001685455E-16
2.30284541435921E-16,-4.0766001685455E-17
3.20056481317721E-16,7.54604712049911E-17
7.37257477290143E-17,4.74880551548651E-16
-3.66894015169095E-16,3.01841884819964E-16
-7.76288755499621E-17,1.97324795392362E-16
1.82145964977565E-17,1.04083408558608E-17
7.28583859910259E-17,-1.78242837156617E-16
1.11889664200504E-16,-2.22044604925031E-16
2.13804668414141E-16,-5.94142790522056E-17
-3.90312782094782E-17,7.63278329429795E-17
8.32667268468867E-17,5.91974386177085E-16
-3.17020715234761E-16,2.95770352654046E-16
-3.2309224740068E-16,4.42354486374086E-17
-1.90385901488455E-16,-1.11889664200504E-16
-6.89552581700781E-17,-5.40366362766775E-16
2.41993924898765E-16,-5.32993787993874E-16
4.6447221069279E-16,-2.64545330086463E-16
2.6628005356244E-16,2.8275992658422E-16
3.22658566531686E-16,7.28150179041265E-16
-2.71050543121376E-16,6.4401609045639E-16
-1.12323345069498E-16,3.13984949151802E-16
2.81892564846231E-18,7.54604712049911E-17
-3.27862736959617E-16,-2.63677968348475E-16
-8.54351311918578E-17,-4.78349998500605E-16
1.97758476261356E-16,-1.43982048506075E-16
3.69062419514066E-16,6.07153216591883E-18
3.75567632548979E-16,7.35522753814166E-16
-1.795438797636E-16,4.31512464649231E-16
-2.00360561475321E-16,7.7715611723761E-16
-6.17995238316738E-16,3.19622800448727E-16
-8.60422844084496E-16,-4.1286418728248E-16
-2.7148422399037E-16,-7.02779848205104E-16
2.37657116208823E-16,-7.44630052063044E-16
7.55038392918905E-16,-3.20056481317721E-16
8.23993651088983E-16,5.64652491430451E-16
3.60388802134182E-16,1.03454571298567E-15
2.48065457064683E-16,6.1409211049579E-16
-2.1315414711065E-16,5.13044468020141E-16
-6.58761240002193E-16,-1.32706345912226E-16
-4.40619762898109E-16,-3.8294020732188E-16
-7.37257477290143E-17,-5.08707659330199E-16
4.14598910758457E-16,-2.86229373536173E-16
7.34655392076178E-16,4.6447221069279E-16
8.15320033709099E-17,5.24753851482984E-16
-4.46691295064028E-17,8.69313301898877E-16
-5.14345510627123E-16,6.33174068731535E-16
-9.32197027903037E-16,-3.20923843055709E-17
-4.45823933326039E-16,-6.16694195709755E-16
1.95156391047391E-16,-8.86660536658646E-16
4.73579508941668E-16,-3.55618312575245E-16
8.8557633448616E-16,3.13117587413814E-16
3.75567632548979E-16,9.46291656145348E-16
6.61363325216158E-16,6.30571983517569E-16
1.02348685082632E-16,9.36750677027476E-16
-8.67795418857398E-16,3.92914867308747E-16
-8.94249951866044E-16,-3.79904441238921E-16
-3.87710696880816E-16,-6.11490025281825E-16
4.9439619065339E-17,-5.32126426255886E-16
4.23489368572838E-16,2.25514051876985E-17
5.9240806704608E-16,3.25260651745651E-16
1.07509487423663E-15,4.65556412865276E-16
6.15826833971767E-16,8.49147141490647E-16
-4.94613031087887E-16,8.11633746322649E-16
-8.45244013669699E-16,3.58220397789211E-16
-9.00321484031963E-16,-1.91253263226443E-16
-3.85542292535845E-16,-6.17561557447743E-16
3.30031141304588E-16,-4.3454823073219E-16
2.07082614944731E-16,-1.24466409401336E-16
1.36739577993872E-15,-1.42247325030098E-16
1.37129890775967E-15,9.01622526638946E-16
2.92300905702092E-16,7.43762690325056E-16
-8.78420600147756E-16,7.76722436368615E-16
-8.64759652774438E-16,2.9316826744008E-16
-8.2876414064792E-16,-8.97719398817998E-17
-2.13370987545147E-16,2.86229373536173E-17
1.9298798670242E-16,-6.23633089613662E-16
2.48932818802672E-16,-4.39752401160121E-16
5.84601811404184E-16,-2.84060969191202E-16
3.07479736116889E-16,-1.83447007584547E-16
9.32413868337534E-17,-2.12503625807159E-17
6.46184494801361E-17,1.28803218091278E-16
1.18394877235417E-16,6.37944558290471E-16
-9.62771529167128E-17,6.15826833971767E-16
-1.02760681908176E-15,4.08093697723544E-16
1.0547118733939E-15,-7.28583859910259E-17
1.35677059864836E-15,4.8095208371457E-16
2.25514051876985E-16,1.07552855510562E-16
-5.1087606367517E-16,6.12791067888807E-16
-3.77302356024955E-17,8.89913143176102E-16
-1.62196645003831E-16,4.58183838092374E-16
-7.08634539936526E-16,1.76009380681297E-15
-1.7280014225074E-15,-6.93889390390723E-16
