##TITLE= /disk2_cato/PV2.0.28/exp/stan/nmr/lists/wave/sinc3
##JCAMP-DX= 5.00 BRUKER JCAMP library
##DATA TYPE= Shape Data
##ORIGIN= BRUKER MEDICAL GMBH
##OWNER= <tgn>
##DATE= 98/07/22
##TIME= 16:09:00
##MINX= 1.413902e-14
##MAXX= 1.000000e+02
##MINY= 0.000000e+00
##MAXY= 1.800000e+02
##$SHAPE_EXMODE= Excitation
##$SHAPE_TOTROT= 90.000000e+00
##$SHAPE_BWFAC= 6.210000e+00
##$SHAPE_INTEGFAC= 1.848513e-01
##$SHAPE_REPHFAC=50
##$SHAPE_TYPE=conventional
##$SHAPE_MODE= 0
##NPOINTS= 256
##XYPOINTS= (XY..XY)
7.899739e-01, 0.000000e+00
1.588188e+00, 0.000000e+00
2.390481e+00, 0.000000e+00
3.192605e+00, 0.000000e+00
3.990246e+00, 0.000000e+00
4.779044e+00, 0.000000e+00
5.554615e+00, 0.000000e+00
6.312577e+00, 0.000000e+00
7.048562e+00, 0.000000e+00
7.758250e+00, 0.000000e+00
8.437387e+00, 0.000000e+00
9.081800e+00, 0.000000e+00
9.687435e+00, 0.000000e+00
1.025037e+01, 0.000000e+00
1.076683e+01, 0.000000e+00
1.123322e+01, 0.000000e+00
1.164614e+01, 0.000000e+00
1.200242e+01, 0.000000e+00
1.229911e+01, 0.000000e+00
1.253352e+01, 0.000000e+00
1.270323e+01, 0.000000e+00
1.280612e+01, 0.000000e+00
1.284038e+01, 0.000000e+00
1.280448e+01, 0.000000e+00
1.269727e+01, 0.000000e+00
1.251792e+01, 0.000000e+00
1.226595e+01, 0.000000e+00
1.194124e+01, 0.000000e+00
1.154407e+01, 0.000000e+00
1.107505e+01, 0.000000e+00
1.053519e+01, 0.000000e+00
9.925888e+00, 0.000000e+00
9.248905e+00, 0.000000e+00
8.506385e+00, 0.000000e+00
7.700850e+00, 0.000000e+00
6.835187e+00, 0.000000e+00
5.912652e+00, 0.000000e+00
4.936846e+00, 0.000000e+00
3.911720e+00, 0.000000e+00
2.841555e+00, 0.000000e+00
1.730947e+00, 0.000000e+00
5.847954e-01, 0.000000e+00
5.917161e-01, 1.800000e+02
1.793137e+00, 1.800000e+02
3.013771e+00, 1.800000e+02
4.247697e+00, 1.800000e+02
5.488791e+00, 1.800000e+02
6.730754e+00, 1.800000e+02
7.967129e+00, 1.800000e+02
9.191336e+00, 1.800000e+02
1.039669e+01, 1.800000e+02
1.157644e+01, 1.800000e+02
1.272379e+01, 1.800000e+02
1.383192e+01, 1.800000e+02
1.489403e+01, 1.800000e+02
1.590336e+01, 1.800000e+02
1.685324e+01, 1.800000e+02
1.773709e+01, 1.800000e+02
1.854845e+01, 1.800000e+02
1.928104e+01, 1.800000e+02
1.992878e+01, 1.800000e+02
2.048579e+01, 1.800000e+02
2.094645e+01, 1.800000e+02
2.130542e+01, 1.800000e+02
2.155764e+01, 1.800000e+02
2.169842e+01, 1.800000e+02
2.172338e+01, 1.800000e+02
2.162855e+01, 1.800000e+02
2.141032e+01, 1.800000e+02
2.106553e+01, 1.800000e+02
2.059145e+01, 1.800000e+02
1.998579e+01, 1.800000e+02
1.924675e+01, 1.800000e+02
1.837300e+01, 1.800000e+02
1.736370e+01, 1.800000e+02
1.621854e+01, 1.800000e+02
1.493768e+01, 1.800000e+02
1.352184e+01, 1.800000e+02
1.197224e+01, 1.800000e+02
1.029063e+01, 1.800000e+02
8.479285e+00, 1.800000e+02
6.540987e+00, 1.800000e+02
4.479048e+00, 1.800000e+02
2.297281e+00, 1.800000e+02
1.413902e-14, 1.800000e+02
2.407993e+00, 0.000000e+00
4.921422e+00, 0.000000e+00
7.534554e+00, 0.000000e+00
1.024121e+01, 0.000000e+00
1.303480e+01, 0.000000e+00
1.590832e+01, 0.000000e+00
1.885440e+01, 0.000000e+00
2.186530e+01, 0.000000e+00
2.493297e+01, 0.000000e+00
2.804906e+01, 0.000000e+00
3.120494e+01, 0.000000e+00
3.439174e+01, 0.000000e+00
3.760039e+01, 0.000000e+00
4.082164e+01, 0.000000e+00
4.404610e+01, 0.000000e+00
4.726428e+01, 0.000000e+00
5.046660e+01, 0.000000e+00
5.364346e+01, 0.000000e+00
5.678523e+01, 0.000000e+00
5.988235e+01, 0.000000e+00
6.292530e+01, 0.000000e+00
6.590469e+01, 0.000000e+00
6.881124e+01, 0.000000e+00
7.163589e+01, 0.000000e+00
7.436974e+01, 0.000000e+00
7.700417e+01, 0.000000e+00
7.953081e+01, 0.000000e+00
8.194164e+01, 0.000000e+00
8.422894e+01, 0.000000e+00
8.638536e+01, 0.000000e+00
8.840399e+01, 0.000000e+00
9.027832e+01, 0.000000e+00
9.200226e+01, 0.000000e+00
9.357024e+01, 0.000000e+00
9.497713e+01, 0.000000e+00
9.621841e+01, 0.000000e+00
9.728999e+01, 0.000000e+00
9.818839e+01, 0.000000e+00
9.891064e+01, 0.000000e+00
9.945443e+01, 0.000000e+00
9.981795e+01, 0.000000e+00
1.000000e+02, 0.000000e+00
1.000000e+02, 0.000000e+00
1.000000e+02, 0.000000e+00
1.000000e+02, 0.000000e+00
9.981795e+01, 0.000000e+00
9.945443e+01, 0.000000e+00
9.891064e+01, 0.000000e+00
9.818839e+01, 0.000000e+00
9.728999e+01, 0.000000e+00
9.621841e+01, 0.000000e+00
9.497713e+01, 0.000000e+00
9.357024e+01, 0.000000e+00
9.200226e+01, 0.000000e+00
9.027832e+01, 0.000000e+00
8.840399e+01, 0.000000e+00
8.638536e+01, 0.000000e+00
8.422894e+01, 0.000000e+00
8.194164e+01, 0.000000e+00
7.953081e+01, 0.000000e+00
7.700417e+01, 0.000000e+00
7.436974e+01, 0.000000e+00
7.163589e+01, 0.000000e+00
6.881124e+01, 0.000000e+00
6.590469e+01, 0.000000e+00
6.292530e+01, 0.000000e+00
5.988235e+01, 0.000000e+00
5.678523e+01, 0.000000e+00
5.364346e+01, 0.000000e+00
5.046660e+01, 0.000000e+00
4.726428e+01, 0.000000e+00
4.404610e+01, 0.000000e+00
4.082164e+01, 0.000000e+00
3.760039e+01, 0.000000e+00
3.439174e+01, 0.000000e+00
3.120494e+01, 0.000000e+00
2.804906e+01, 0.000000e+00
2.493297e+01, 0.000000e+00
2.186530e+01, 0.000000e+00
1.885440e+01, 0.000000e+00
1.590832e+01, 0.000000e+00
1.303480e+01, 0.000000e+00
1.024121e+01, 0.000000e+00
7.534554e+00, 0.000000e+00
4.921422e+00, 0.000000e+00
2.407993e+00, 0.000000e+00
1.413902e-14, 1.800000e+02
2.297281e+00, 1.800000e+02
4.479048e+00, 1.800000e+02
6.540987e+00, 1.800000e+02
8.479285e+00, 1.800000e+02
1.029063e+01, 1.800000e+02
1.197224e+01, 1.800000e+02
1.352184e+01, 1.800000e+02
1.493768e+01, 1.800000e+02
1.621854e+01, 1.800000e+02
1.736370e+01, 1.800000e+02
1.837300e+01, 1.800000e+02
1.924675e+01, 1.800000e+02
1.998579e+01, 1.800000e+02
2.059145e+01, 1.800000e+02
2.106553e+01, 1.800000e+02
2.141032e+01, 1.800000e+02
2.162855e+01, 1.800000e+02
2.172338e+01, 1.800000e+02
2.169842e+01, 1.800000e+02
2.155764e+01, 1.800000e+02
2.130542e+01, 1.800000e+02
2.094645e+01, 1.800000e+02
2.048579e+01, 1.800000e+02
1.992878e+01, 1.800000e+02
1.928104e+01, 1.800000e+02
1.854845e+01, 1.800000e+02
1.773709e+01, 1.800000e+02
1.685324e+01, 1.800000e+02
1.590336e+01, 1.800000e+02
1.489403e+01, 1.800000e+02
1.383192e+01, 1.800000e+02
1.272379e+01, 1.800000e+02
1.157644e+01, 1.800000e+02
1.039669e+01, 1.800000e+02
9.191336e+00, 1.800000e+02
7.967129e+00, 1.800000e+02
6.730754e+00, 1.800000e+02
5.488791e+00, 1.800000e+02
4.247697e+00, 1.800000e+02
3.013771e+00, 1.800000e+02
1.793137e+00, 1.800000e+02
5.917161e-01, 1.800000e+02
5.847954e-01, 0.000000e+00
1.730947e+00, 0.000000e+00
2.841555e+00, 0.000000e+00
3.911720e+00, 0.000000e+00
4.936846e+00, 0.000000e+00
5.912652e+00, 0.000000e+00
6.835187e+00, 0.000000e+00
7.700850e+00, 0.000000e+00
8.506385e+00, 0.000000e+00
9.248905e+00, 0.000000e+00
9.925888e+00, 0.000000e+00
1.053519e+01, 0.000000e+00
1.107505e+01, 0.000000e+00
1.154407e+01, 0.000000e+00
1.194124e+01, 0.000000e+00
1.226595e+01, 0.000000e+00
1.251792e+01, 0.000000e+00
1.269727e+01, 0.000000e+00
1.280448e+01, 0.000000e+00
1.284038e+01, 0.000000e+00
1.280612e+01, 0.000000e+00
1.270323e+01, 0.000000e+00
1.253352e+01, 0.000000e+00
1.229911e+01, 0.000000e+00
1.200242e+01, 0.000000e+00
1.164614e+01, 0.000000e+00
1.123322e+01, 0.000000e+00
1.076683e+01, 0.000000e+00
1.025037e+01, 0.000000e+00
9.687435e+00, 0.000000e+00
9.081800e+00, 0.000000e+00
8.437387e+00, 0.000000e+00
7.758250e+00, 0.000000e+00
7.048562e+00, 0.000000e+00
6.312577e+00, 0.000000e+00
5.554615e+00, 0.000000e+00
4.779044e+00, 0.000000e+00
3.990246e+00, 0.000000e+00
3.192605e+00, 0.000000e+00
2.390481e+00, 0.000000e+00
1.588188e+00, 0.000000e+00
7.899739e-01, 0.000000e+00
##END= 
