SIMP
NP=2048
SW=10000000
TYPE=SPE
DATA
-0.0159010795 -0.072540669
0.017159283 0.137952028
-0.0155876213 -0.0656876504
0.0168459479 0.144917021
-0.0152741151 -0.058833947
0.0165325884 0.151882824
-0.0149605548 -0.0519794295
0.0162191986 0.158849568
-0.0146469346 -0.0451239684
0.0159057726 0.165817384
-0.0143332485 -0.0382674342
0.0155923045 0.172786406
-0.0140194905 -0.0314096973
0.0152787884 0.179756763
-0.0137056546 -0.024550628
0.0149652183 0.186728589
-0.0133917351 -0.0176900965
0.0146515882 0.193702015
-0.0130777258 -0.0108279729
0.0143378923 0.200677173
-0.0127636207 -0.00396412723
0.0140241246 0.207654195
-0.012449414 0.00290157069
0.013710279 0.214633215
-0.0121350996 0.00976925115
0.0133963498 0.221614364
-0.0118206715 0.0166390446
0.0130823308 0.228597775
-0.0115061238 0.0235110816
0.0127682161 0.235583581
-0.0111914503 0.030385493
0.0124539998 0.242571916
-0.0108766452 0.0372624097
0.0121396758 0.249562912
-0.0105617022 0.0441419628
0.0118252382 0.256556702
-0.0102466155 0.0510242838
0.0115106809 0.263553421
-0.00993137892 0.057909504
0.011195998 0.270553203
-0.00961598642 0.0647977554
0.0108811833 0.27755618
-0.00930043191 0.0716891699
0.010566231 0.284562489
-0.00898470932 0.0785838798
0.0102511348 0.291572263
-0.00866881253 0.0854820175
0.00993588882 0.298585638
-0.00835273542 0.0923837159
0.00962048693 0.305602748
-0.00803647187 0.0992891079
0.00930492306 0.312623728
-0.00772001573 0.106198327
0.00898919111 0.319648716
-0.00740336083 0.113111506
0.00867328499 0.326677846
-0.00708650101 0.12002878
0.00835719857 0.333711255
-0.00676943008 0.126950283
0.00804092572 0.34074908
-0.00645214181 0.133876149
0.00772446029 0.347791458
-0.00613463 0.140806513
0.00740779613 0.354838526
-0.00581688839 0.14774151
0.00709092706 0.361890421
-0.00549891074 0.154681276
0.00677384688 0.368947283
-0.00518069075 0.161625947
0.00645654938 0.376009249
-0.00486222214 0.168575659
0.00613902835 0.383076459
-0.00454349859 0.17553055
0.00582127753 0.390149051
-0.00422451376 0.182490755
0.00550329067 0.397227165
-0.00390526129 0.189456412
0.00518506149 0.404310942
-0.00358573482 0.19642766
0.00486658369 0.411400522
-0.00326592794 0.203404637
0.00454785095 0.418496046
-0.00294583423 0.210387482
0.00422885694 0.425597656
-0.00262544725 0.217376333
0.0039095953 0.432705492
-0.00230476054 0.224371332
0.00359005966 0.439819699
-0.00198376761 0.231372617
0.00327024361 0.446940419
-0.00166246193 0.23838033
0.00295014073 0.454067795
-0.00134083699 0.245394611
0.00262974458 0.461201971
-0.0010188862 0.252415603
0.0023090487 0.468343092
-0.000696602998 0.259443448
0.00198804659 0.475491303
-0.000373980753 0.266478289
0.00166673174 0.482646749
-5.10128282e-05 0.273520269
0.00134509761 0.489809577
0.000272307445 0.280569531
0.00102313764 0.496979933
0.000595986762 0.287626221
0.000700845236 0.504157965
0.000920031849 0.294690483
0.000378213787 0.51134382
0.00124444946 0.301762463
5.5236649e-05 0.518537647
0.00156924638 0.308842308
-0.000268092847 0.525739596
0.00189442942 0.315930163
-0.0005917814 0.532949816
0.00222000542 0.323026178
-0.000915835734 0.540168457
0.00254598127 0.330130499
-0.00124026261 0.547395671
0.00287236386 0.337243276
-0.0015650688 0.55463161
0.00319916015 0.344364658
-0.00189026113 0.561876426
0.00352637711 0.351494796
-0.00221584645 0.569130273
0.00385402173 0.35863384
-0.00254183162 0.576393304
0.00418210108 0.365781942
-0.00286822357 0.583665674
0.00451062222 0.372939254
-0.00319502923 0.590947539
0.00483959227 0.38010593
-0.00352225558 0.598239055
0.00516901838 0.387282123
-0.00384990962 0.605540378
0.00549890774 0.394467988
-0.00417799841 0.612851668
0.00582926757 0.40166368
-0.00450652902 0.620173081
0.00616010514 0.408869355
-0.00483550857 0.627504779
0.00649142774 0.416085171
-0.00516494421 0.63484692
0.00682324273 0.423311285
-0.00549484313 0.642199667
0.00715555749 0.430547856
-0.00582521255 0.64956318
0.00748837944 0.437795043
-0.00615605974 0.656937624
0.00782171604 0.445053007
-0.00648739201 0.664323162
0.00815557482 0.45232191
-0.00681921669 0.671719958
0.00848996331 0.459601912
-0.00715154118 0.679128178
0.00882488912 0.466893178
-0.0074843729 0.686547989
0.00916035989 0.474195871
-0.00781771933 0.693979558
0.0094963833 0.481510157
-0.00815158796 0.701423054
0.00983296709 0.488836201
-0.00848598635 0.708878646
0.010170119 0.49617417
-0.00882092211 0.716346505
0.010507847 0.503524232
-0.00915640287 0.723826802
0.0108461588 0.510886557
-0.00949243633 0.73131971
0.0111850624 0.518261313
-0.00982903022 0.738825402
0.0115245658 0.525648672
-0.0101661923 0.746344054
0.0118646769 0.533048806
-0.0105039305 0.75387584
0.012205404 0.540461889
-0.0108422525 0.761420938
0.0125467551 0.547888094
-0.0111811665 0.768979527
0.0128887383 0.555327597
-0.0115206802 0.776551784
0.013231362 0.562780574
-0.0118608018 0.784137891
0.0135746344 0.570247203
-0.0122015394 0.791738029
0.013918564 0.577727662
-0.012542901 0.799352381
0.014263159 0.585222132
-0.0128848949 0.80698113
0.0146084279 0.592730795
-0.0132275293 0.814624463
0.0149543794 0.600253831
-0.0135708125 0.822282565
0.0153010219 0.607791425
-0.0139147529 0.829955624
0.0156483642 0.615343763
-0.0142593588 0.837643829
0.0159964149 0.622911029
-0.0146046388 0.845347371
0.0163451827 0.630493412
-0.0149506013 0.853066442
0.0166946766 0.6380911
-0.015297255 0.860801234
0.0170449055 0.645704284
-0.0156446085 0.868551942
0.0173958782 0.653333155
-0.0159926705 0.876318761
0.0177476038 0.660977906
-0.0163414498 0.88410189
0.0181000915 0.668638732
-0.0166909552 0.891901527
0.0184533503 0.676315827
-0.0170411957 0.899717871
0.0188073896 0.68400939
-0.0173921801 0.907551126
0.0191622186 0.69171962
-0.0177439175 0.915401493
0.0195178467 0.699446715
-0.0180964171 0.923269178
0.0198742833 0.707190878
-0.0184496879 0.931154387
0.020231538 0.714952312
-0.0188037393 0.939057328
0.0205896204 0.722731222
-0.0191585805 0.946978211
0.0209485401 0.730527815
-0.0195142209 0.954917246
0.021308307 0.738342298
-0.01987067 0.962874647
0.0216689307 0.74617488
-0.0202279372 0.970850627
0.0220304214 0.754025774
-0.0205860323 0.978845404
0.0223927888 0.761895192
-0.0209449648 0.986859194
0.0227560431 0.769783348
-0.0213047446 0.994892219
0.0231201945 0.77769046
-0.0216653814 1.0029447
0.0234852532 0.785616746
-0.0220268852 1.01101686
0.0238512296 0.793562424
-0.0223892659 1.01910892
0.0242181339 0.801527718
-0.0227525337 1.02722111
0.0245859768 0.80951285
-0.0231166987 1.03535366
0.0249547689 0.817518046
-0.0234817711 1.0435068
0.0253245207 0.825543534
-0.0238477613 1.05168077
0.0256952431 0.833589543
-0.0242146797 1.05987579
0.026066947 0.841656303
-0.0245825368 1.06809211
0.0264396433 0.849744049
-0.0249513431 1.07632996
0.026813343 0.857853016
-0.0253211095 1.08458958
0.0271880574 0.86598344
-0.0256918465 1.09287122
0.0275637977 0.874135561
-0.0260635652 1.10117513
0.0279405752 0.882309621
-0.0264362765 1.10950154
0.0283184014 0.890505863
-0.0268099914 1.11785071
0.0286972878 0.898724533
-0.0271847211 1.12622289
0.0290772462 0.906965879
-0.0275604769 1.13461834
0.0294582883 0.915230151
-0.0279372701 1.14303731
0.029840426 0.923517601
-0.0283151122 1.15148005
0.0302236713 0.931828485
-0.0286940148 1.15994684
0.0306080362 0.940163059
-0.0290739894 1.16843793
0.030993533 0.948521582
-0.029455048 1.17695359
0.0313801741 0.956904317
-0.0298372024 1.18549409
0.0317679719 0.965311528
-0.0302204645 1.19405969
0.032156939 0.973743482
-0.0306048466 1.20265068
0.032547088 0.982200447
-0.0309903608 1.21126732
0.0329384317 0.990682696
-0.0313770195 1.21990991
0.0333309832 0.999190504
-0.031764835 1.2285787
0.0337247554 1.00772415
-0.0321538201 1.237274
0.0341197616 1.0162839
-0.0325439874 1.24599609
0.0345160151 1.02487006
-0.0329353496 1.25474525
0.0349135293 1.03348289
-0.0333279199 1.26352178
0.0353123178 1.0421227
-0.0337217111 1.27232598
0.0357123944 1.05078977
-0.0341167366 1.28115814
0.0361137728 1.05948439
-0.0345130096 1.29001857
0.0365164672 1.06820687
-0.0349105436 1.29890756
0.0369204916 1.07695749
-0.0353093522 1.30782542
0.0373258604 1.08573657
-0.0357094491 1.31677247
0.0377325879 1.09454441
-0.0361108483 1.32574902
0.0381406888 1.10338131
-0.0365135636 1.33475538
0.0385501777 1.1122476
-0.0369176092 1.34379188
0.0389610697 1.12114357
-0.0373229996 1.35285883
0.0393733796 1.13006957
-0.0377297489 1.36195657
0.0397871228 1.13902589
-0.038137872 1.37108542
0.0402023145 1.14801288
-0.0385473835 1.38024571
0.0406189704 1.15703085
-0.0389582983 1.38943779
0.041037106 1.16608014
-0.0393706314 1.39866199
0.0414567373 1.17516109
-0.0397843981 1.40791866
0.0418778803 1.18427402
-0.0401996137 1.41720814
0.0423005512 1.1934193
-0.0406162938 1.42653079
0.0427247663 1.20259726
-0.0410344541 1.43588696
0.0431505423 1.21180824
-0.0414541104 1.44527701
0.0435778958 1.22105262
-0.0418752788 1.4547013
0.0440068438 1.23033073
-0.0422979754 1.4641602
0.0444374034 1.23964295
-0.0427222167 1.47365407
0.044869592 1.24898964
-0.0431480193 1.48318331
0.0453034269 1.25837116
-0.0435753998 1.49274827
0.045738926 1.2677879
-0.0440043753 1.50234935
0.046176107 1.27724023
-0.0444349628 1.51198694
0.0466149881 1.28672852
-0.0448671796 1.52166141
0.0470555876 1.29625318
-0.0453010434 1.53137318
0.047497924 1.30581458
-0.0457365716 1.54112265
0.047942016 1.31541312
-0.0461737824 1.5509102
0.0483878826 1.3250492
-0.0466126937 1.56073627
0.048835543 1.33472323
-0.0470533239 1.57060125
0.0492850164 1.34443561
-0.0474956915 1.58050558
0.0497363225 1.35418676
-0.0479398152 1.59044967
0.0501894812 1.36397709
-0.048385714 1.60043395
0.0506445125 1.37380703
-0.0488334071 1.61045886
0.0511014368 1.38367701
-0.0492829138 1.62052484
0.0515602746 1.39358745
-0.0497342538 1.63063232
0.0520210466 1.4035388
-0.0501874469 1.64078177
0.052483774 1.41353149
-0.0506425133 1.65097363
0.0529484781 1.42356599
-0.0510994732 1.66120837
0.0534151804 1.43364273
-0.0515583472 1.67148644
0.0538839027 1.44376218
-0.0520191561 1.68180833
0.0543546671 1.45392481
-0.052481921 1.69217451
0.0548274961 1.46413108
-0.0529466632 1.70258546
0.0553024121 1.47438147
-0.0534134042 1.71304167
0.0557794383 1.48467646
-0.053882166 1.72354364
0.0562585977 1.49501654
-0.0543529706 1.73409187
0.0567399138 1.50540221
-0.0548258404 1.74468685
0.0572234105 1.51583396
-0.0553007981 1.75532912
0.0577091118 1.52631229
-0.0557778665 1.76601918
0.0581970421 1.53683773
-0.056257069 1.77675756
0.0586872262 1.54741079
-0.056738429 1.7875448
0.059179689 1.55803199
-0.0572219703 1.79838143
0.0596744559 1.56870187
-0.057707717 1.80926801
0.0601715526 1.57942096
-0.0581956936 1.82020508
0.060671005 1.59018982
-0.0586859247 1.83119321
0.0611728394 1.60100898
-0.0591784355 1.84223295
0.0616770827 1.61187902
-0.0596732512 1.8533249
0.0621837618 1.6228005
-0.0601703975 1.86446963
0.062692904 1.63377399
-0.0606699005 1.87566772
0.0632045371 1.64480008
-0.0611717866 1.88691978
0.0637186893 1.65587935
-0.0616760823 1.89822642
0.0642353891 1.66701239
-0.0621828148 1.90958824
0.0647546652 1.67819983
-0.0626920115 1.92100587
0.0652765469 1.68944226
-0.0632037001 1.93247994
0.065801064 1.70074031
-0.0637179088 1.94401108
0.0663282464 1.71209461
-0.0642346661 1.95559995
0.0668581247 1.72350579
-0.0647540009 1.9672472
0.0673907297 1.73497451
-0.0652759425 1.97895348
0.0679260926 1.74650141
-0.0658005204 1.99071948
0.0684642453 1.75808716
-0.0663277649 2.00254589
0.0690052199 1.76973243
-0.0668577064 2.01443338
0.069549049 1.78143791
-0.0673903759 2.02638266
0.0700957658 1.79320429
-0.0679258045 2.03839444
0.0706454037 1.80503226
-0.0684640242 2.05046945
0.0711979967 1.81692253
-0.0690050671 2.06260841
0.0717535794 1.82887584
-0.0695489658 2.07481206
0.0723121867 1.8408929
-0.0700957535 2.08708117
0.0728738541 1.85297447
-0.0706454637 2.09941648
0.0734386177 1.86512128
-0.0711981305 2.11181877
0.0740065138 1.87733411
-0.0717537884 2.12428882
0.0745775796 1.88961372
-0.0723124724 2.13682744
0.0751518526 1.9019609
-0.0728742181 2.14943542
0.0757293709 1.91437644
-0.0734390614 2.16211359
0.0763101732 1.92686115
-0.0740070389 2.17486277
0.0768942988 1.93941586
-0.0745781877 2.18768381
0.0774817874 1.95204138
-0.0751525453 2.20057755
0.0780726795 1.96473856
-0.07573015 2.21354488
0.0786670161 1.97750825
-0.0763110404 2.22658666
0.0792648389 1.99035133
-0.0768952559 2.23970378
0.07986619 2.00326867
-0.0774828362 2.25289717
0.0804711124 2.01626116
-0.0780738219 2.26616772
0.0810796496 2.02932972
-0.0786682541 2.27951638
0.0816918458 2.04247525
-0.0792661743 2.29294409
0.0823077458 2.0556987
-0.0798676249 2.30645182
0.0829273953 2.06900101
-0.0804726488 2.32004054
0.0835508406 2.08238314
-0.0810812896 2.33371123
0.0841781285 2.09584607
-0.0816935916 2.34746491
0.0848093068 2.1093908
-0.0823095997 2.3613026
0.085444424 2.12301832
-0.0829293594 2.37522533
0.0860835292 2.13672966
-0.0835529173 2.38923416
0.0867266725 2.15052587
-0.0841803201 2.40333015
0.0873739047 2.16440798
-0.0848116158 2.4175144
0.0880252774 2.17837708
-0.0854468529 2.43178799
0.0886808428 2.19243425
-0.0860860806 2.44615207
0.0893406544 2.2065806
-0.086729349 2.46060775
0.0900047662 2.22081724
-0.0873767089 2.47515621
0.0906732333 2.23514532
-0.088028212 2.4897986
0.0913461114 2.249566
-0.0886839108 2.50453614
0.0920234573 2.26408046
-0.0893438586 2.51937002
0.0927053289 2.27868988
-0.0900081095 2.53430149
0.0933917848 2.29339549
-0.0906767187 2.54933179
0.0940828846 2.30819851
-0.0913497421 2.56446219
0.0947786889 2.32310021
-0.0920272366 2.579694
0.0954792594 2.33810187
-0.0927092599 2.59502852
0.0961846588 2.35320476
-0.0933958709 2.6104671
0.0968949508 2.36841023
-0.0940871292 2.62601108
0.0976102003 2.3837196
-0.0947830956 2.64166186
0.0983304731 2.39913423
-0.0954838318 2.65742083
0.0990558363 2.41465552
-0.0961894006 2.67328943
0.0997863581 2.43028488
-0.0968998659 2.68926911
0.100522108 2.44602372
-0.0976152924 2.70536135
0.101263156 2.46187352
-0.0983357464 2.72156764
0.102009575 2.47783575
-0.0990612948 2.73788952
0.102761437 2.49391192
-0.0997920061 2.75432854
0.103518816 2.51010357
-0.10052795 2.77088628
0.104281789 2.52641225
-0.101269196 2.78756435
0.105050433 2.54283954
-0.102015818 2.8043644
0.105824825 2.55938708
-0.102767887 2.82128807
0.106605046 2.57605649
-0.103525479 2.83833708
0.107391176 2.59284946
-0.10428867 2.85551315
0.108183299 2.60976768
-0.105057536 2.87281802
0.108981498 2.62681288
-0.105832155 2.8902535
0.109785859 2.64398683
-0.106612609 2.9078214
0.11059647 2.66129132
-0.107398978 2.92552356
0.11141342 2.67872819
-0.108191345 2.94336189
0.112236798 2.69629928
-0.108989794 2.9613383
0.113066697 2.71400651
-0.109794411 2.97945474
0.113903212 2.73185178
-0.110605284 2.9977132
0.114746437 2.74983708
-0.111422502 3.01611573
0.115596471 2.7679644
-0.112246156 3.03466437
0.116453412 2.78623578
-0.113076337 3.05336125
0.117317362 2.80465329
-0.11391314 3.07220849
0.118188425 2.82321906
-0.114756661 3.0912083
0.119066704 2.84193523
-0.115606997 3.11036288
0.119952309 2.86080401
-0.116464249 3.12967453
0.120845347 2.87982763
-0.117328517 3.14914553
0.12174593 2.89900838
-0.118199906 3.16877826
0.122654173 2.91834858
-0.11907852 3.18857512
0.12357019 2.93785059
-0.119964467 3.20853856
0.124494101 2.95751685
-0.120857856 3.22867107
0.125426025 2.9773498
-0.1217588 3.24897519
0.126366086 2.99735197
-0.122667411 3.26945354
0.127314409 3.01752592
-0.123583808 3.29010875
0.128271122 3.03787426
-0.124508106 3.31094353
0.129236356 3.05839964
-0.125440429 3.33196063
0.130210243 3.07910481
-0.126380899 3.35316286
0.131192921 3.09999251
-0.127329641 3.3745531
0.132184528 3.1210656
-0.128286784 3.39613426
0.133185206 3.14232695
-0.12925246 3.41790934
0.134195099 3.16377951
-0.130226801 3.43988139
0.135214355 3.18542629
-0.131209944 3.46205351
0.136243126 3.20727035
-0.132202028 3.48442888
0.137281565 3.22931484
-0.133203196 3.50701074
0.138329829 3.25156295
-0.134213592 3.52980241
0.13938808 3.27401796
-0.135233366 3.55280726
0.140456482 3.29668318
-0.136262667 3.57602876
0.141535203 3.31956204
-0.137301651 3.59947041
0.142624415 3.34265801
-0.138350476 3.62313584
0.143724292 3.36597465
-0.139409303 3.64702871
0.144835014 3.3895156
-0.140478297 3.6711528
0.145956764 3.41328455
-0.141557626 3.69551193
0.14708973 3.43728531
-0.142647462 3.72011005
0.148234103 3.46152175
-0.143747981 3.74495116
0.149390079 3.48599783
-0.144859363 3.77003937
0.150557858 3.5107176
-0.145981792 3.79537888
0.151737646 3.53568521
-0.147115456 3.82097397
0.152929652 3.56090489
-0.148260548 3.84682903
0.15413409 3.58638096
-0.149417262 3.87294855
0.155351181 3.61211786
-0.150585802 3.89933712
0.156581149 3.63812013
-0.151766371 3.92599944
0.157824224 3.66439238
-0.152959182 3.95294031
0.159080642 3.69093937
-0.154164449 3.98016465
0.160350644 3.71776595
-0.155382392 4.00767749
0.161634476 3.74487709
-0.156613238 4.03548398
0.162932393 3.77227787
-0.157857217 4.06358939
0.164244652 3.7999735
-0.159114566 4.09199914
0.16557152 3.8279693
-0.160385527 4.12071873
0.166913269 3.85627074
-0.161670347 4.14975385
0.168270177 3.8848834
-0.162969281 4.17911028
0.169642531 3.91381302
-0.16428259 4.20879397
0.171030623 3.94306546
-0.165610539 4.23881102
0.172434753 3.97264673
-0.166953402 4.26916766
0.17385523 4.002563
-0.168311459 4.29987029
0.175292371 4.03282057
-0.169684997 4.33092546
0.176746498 4.06342593
-0.171074311 4.3623399
0.178217945 4.09438571
-0.172479702 4.39412051
0.179707053 4.12570671
-0.17390148 4.42627435
0.181214172 4.15739592
-0.175339962 4.45880868
0.182739662 4.1894605
-0.176795475 4.49173094
0.184283893 4.2219078
-0.178268352 4.52504876
0.185847243 4.25474536
-0.179758936 4.55876998
0.187430102 4.28798091
-0.18126758 4.59290265
0.189032869 4.3216224
-0.182794645 4.62745502
0.190655957 4.35567799
-0.184340503 4.66243558
0.192299788 4.39015605
-0.185905534 4.69785303
0.193964795 4.42506518
-0.18749013 4.73371633
0.195651426 4.46041421
-0.189094694 4.77003465
0.197360139 4.49621223
-0.190719639 4.80681746
0.199091406 4.53246856
-0.19236539 4.84407445
0.200845714 4.5691928
-0.194032384 4.88181561
0.202623562 4.60639479
-0.19572107 4.9200512
0.204425465 4.64408468
-0.197431909 4.95879178
0.206251951 4.68227289
-0.199165378 4.99804818
0.208103566 4.72097013
-0.200921965 5.0378316
0.209980872 4.76018745
-0.202702173 5.07815351
0.211884445 4.79993619
-0.204506519 5.11902575
0.213814883 4.84022804
-0.206335538 5.16046048
0.215772799 4.88107502
-0.208189777 5.20247026
0.217758826 4.92248953
-0.210069802 5.24506799
0.219773615 4.96448432
-0.211976195 5.28826698
0.221817841 5.00707253
-0.213909557 5.33208093
0.223892196 5.05026771
-0.215870506 5.37652397
0.225997396 5.09408382
-0.21785968 5.42161067
0.228134181 5.13853523
-0.219877735 5.46735603
0.230303313 5.1836368
-0.221925351 5.51377555
0.232505579 5.22940382
-0.224003226 5.56088519
0.234741793 5.27585207
-0.226112083 5.60870146
0.237012795 5.32299786
-0.228252667 5.65724135
0.239319454 5.37085799
-0.230425746 5.70652244
0.241662666 5.41944982
-0.232632117 5.75656287
0.244043361 5.46879129
-0.234872599 5.80738137
0.246462497 5.5189009
-0.23714804 5.8589973
0.248921067 5.5697978
-0.239459317 5.91143067
0.2514201 5.62150175
-0.241807337 5.96470217
0.253960659 5.67403322
-0.244193036 6.01883318
0.256543845 5.72741333
-0.246617384 6.07384582
0.259170799 5.78166396
-0.249081385 6.129763
0.261842704 5.83680774
-0.251586077 6.18660839
0.264560785 5.89286809
-0.254132535 6.24440654
0.267326313 5.94986926
-0.256721873 6.30318284
0.270140605 6.00783638
-0.259355246 6.36296362
0.273005029 6.06679546
-0.262033849 6.42377614
0.275921005 6.12677347
-0.264758923 6.48564868
0.278890004 6.18779836
-0.267531754 6.54861055
0.28191356 6.24989913
-0.270353676 6.61269217
0.284993261 6.31310586
-0.273226074 6.6779251
0.28813076 6.37744975
-0.276150387 6.74434209
0.291327779 6.44296321
-0.279128108 6.81197716
0.294586103 6.50967988
-0.282160788 6.88086566
0.297907596 6.57763473
-0.285250042 6.9510443
0.301294195 6.64686407
-0.288397547 7.02255128
0.304747917 6.71740568
-0.291605048 7.09542629
0.308270868 6.78929885
-0.29487436 7.16971066
0.311865239 6.86258444
-0.298207375 7.24544738
0.315533318 6.93730502
-0.301606062 7.32268123
0.319277491 7.01350487
-0.305072474 7.40145886
0.323100249 7.09123017
-0.308608749 7.48182888
0.327004195 7.17052902
-0.31221712 7.56384198
0.330992048 7.25145159
-0.315899916 7.64755103
0.335066651 7.33405021
-0.319659566 7.73301121
0.339230978 7.41837949
-0.323498611 7.82028013
0.343488142 7.50449647
-0.327419704 7.90941797
0.347841402 7.59246072
-0.33142562 8.00048764
0.352294173 7.68233452
-0.33551926 8.0935549
0.356850035 7.77418298
-0.339703664 8.18868856
0.361512745 7.86807424
-0.343982013 8.28596064
0.366286245 7.96407962
-0.34835764 8.38544658
0.371174674 8.06227383
-0.352834042 8.48722543
0.376182384 8.16273516
-0.357414885 8.59138008
0.38131395 8.26554571
-0.362104021 8.69799747
0.386574188 8.37079164
-0.366905492 8.8071689
0.391968168 8.47856336
-0.371823549 8.91899025
0.397501232 8.58895589
-0.376862662 9.03356231
0.403179016 8.70206909
-0.382027539 9.15099108
0.409007465 8.81800802
-0.387323135 9.27138812
0.414992859 8.93688325
-0.392754674 9.39487094
0.421141836 9.05881125
-0.398327666 9.52156338
0.427461417 9.18391478
-0.40404793 9.65159605
0.433959036 9.31232335
-0.40992161 9.78510682
0.440642571 9.44417365
-0.415955205 9.92224131
0.447520374 9.57961011
-0.422155591 10.0631535
0.454601314 9.71878542
-0.428530051 10.2080062
0.461894814 9.86186116
-0.435086306 10.356972
0.469410895 10.0090084
-0.441832548 10.5102337
0.477160228 10.1604086
-0.448777478 10.6679852
0.485154184 10.3162542
-0.455930346 10.8304323
0.493404895 10.4767495
-0.463300997 10.9977939
0.501925321 10.6421118
-0.470899919 11.1703028
0.510729319 10.8125721
-0.478738296 11.348207
0.519831726 10.9883767
-0.486828072 11.5317706
0.529248447 11.1697881
-0.495182014 11.7212759
0.538996551 11.3570864
-0.503813787 11.917024
0.549094386 11.5505711
-0.512738033 12.1193375
0.5595617 11.7505626
-0.521970467 12.3285615
0.570419776 11.9574039
-0.531527972 12.5450664
0.581691591 12.1714634
-0.541428719 12.7692496
0.593401983 12.3931362
-0.551692287 13.0015387
0.605577854 12.6228476
-0.562339811 13.2423941
0.618248382 12.8610557
-0.573394137 13.492312
0.631445277 13.1082544
-0.584880006 13.7518287
0.645203062 13.3649775
-0.596824259 14.0215243
0.659559396 13.6318025
-0.609256065 14.3020272
0.674555441 13.9093556
-0.622207186 14.5940197
0.690236286 14.1983167
-0.63571228 14.898244
0.70665143 14.4994253
-0.649809242 15.2155087
0.723855344 14.8134879
-0.664539598 15.5466967
0.741908115 15.1413852
-0.679948964 15.8927743
0.760876199 15.4840814
-0.696087569 16.2548009
0.780833298 15.8426344
-0.713010866 16.6339414
0.801861386 16.2182077
-0.730780247 17.0314796
0.824051916 16.612084
-0.749463869 17.4488337
0.847507249 17.0256818
-0.769137643 17.8875755
0.872342344 17.4605734
-0.789886382 18.3494518
0.898686785 17.9185075
-0.811805182 18.8364096
0.926687202 18.4014346
-0.835001055 19.3506272
0.956510207 18.9115384
-0.859594905 19.8945496
0.98834595 19.4512719
-0.885723896 20.4709322
1.02241247 20.0234017
-0.913544349 21.0828925
1.05896107 20.6310609
-0.943235272 21.7339731
1.09828294 21.2778136
-0.975002721 22.4282193
1.14071751 21.9677338
-1.00908522 23.1702733
1.18666297 22.7055024
-1.04576053 23.9654923
1.23658962 23.4965282
-1.08535427 24.8200954
1.29105717 24.3470995
-1.12825085 25.7413498
1.35073719 25.2645762
-1.17490767 26.7378082
1.41644271 26.2576358
-1.22587357 27.8196162
1.48916788 27.3365925
-1.28181341 28.9989133
1.57014161 28.513816
-1.34354088 30.2903665
1.66090165 29.8042897
-1.41206339 31.7118881
1.76339861 31.2263664
-1.48864433 33.2856213
1.88014509 32.8028106
-1.57489103 35.0393176
2.01443442 34.5622645
-1.67288216 37.0083081
2.17067024 36.5413604
-1.7853563 39.238394
2.35487815 38.7878436
-1.91599955 41.7902151
2.57552854 41.3653381
-2.06989807 44.7460797
2.84491549 44.3608816
-2.25427778 48.2210892
3.18158415 47.8973716
-2.47976745 52.3821693
3.61486755 52.1552195
-2.7626707 57.4826523
4.1940214 57.4125555
-3.12931384 63.9301013
5.00845895 64.1263064
-3.62499762 72.4332677
6.23866568 73.1146258
-4.33397194 84.3671726
8.30963391 86.0353347
-5.42615086 102.882827
12.5031045 106.970406
-7.21426445 137.637772
25.0985498 150.384667
-5.4141576 248.217098
261.4229 308.594611
305.924667 17.8558261
164.56698 6.37211845
164.277845 -7.9941207
122.042434 -2.05856196
125.789563 -9.74068858
102.914885 -4.85787727
106.627606 -10.2474326
91.6645654 -6.36308749
94.9141546 -10.5762062
84.2126649 -7.39654956
86.9862055 -10.9038397
78.9495631 -8.23106999
81.2999115 -11.2743672
75.1056698 -8.98504937
77.0869554 -11.7133415
72.2610326 -9.7299912
73.9157455 -12.2442398
70.1676662 -10.5147023
71.5348176 -12.8948426
68.6786213 -11.3958902
69.7850033 -13.7191263
67.6929638 -12.4448676
68.5720962 -14.7975102
67.1545994 -13.7902236
67.8361067 -16.3157258
66.9976776 -15.6998403
67.5446949 -18.7475974
67.0182136 -19.0057169
67.4705595 -24.4325217
60.5240068 -28.6856058
52.1656861 -23.7109121
55.1661314 -17.8524225
53.8084963 -17.2056943
57.7378853 -13.9324138
56.446979 -14.281574
61.684543 -11.648063
60.1295953 -12.4827938
67.3394961 -10.1170672
65.3905544 -11.3353157
75.7759097 -9.10002819
73.3897585 -10.7536793
89.6836661 -8.69154554
87.1095295 -11.0486035
117.930148 -10.0204112
118.34195 -14.4728769
225.565469 -36.2113185
168.593902 -240.154937
-7.7865687 -176.019078
18.9653251 -119.035317
-6.23348166 -104.881974
9.73312197 -87.5112074
-4.5929897 -81.1841802
6.60784953 -71.9765441
-3.67367635 -68.1676527
5.04957434 -62.2220016
-3.09210984 -59.5822491
4.11649956 -55.3306135
-2.68982297 -53.3460814
3.49414862 -50.110077
-2.39358094 -48.5379597
3.0483829 -45.9688804
-2.16527325 -44.6777328
2.71253024 -42.5749727
-1.98317054 -41.4865678
2.44975992 -39.72516
-1.83398344 -38.7895656
2.23808223 -37.2869071
-1.70912411 -36.4704832
2.06356048 -35.1694106
-1.60279156 -34.4484979
1.91693314 -33.3079814
-1.51092212 -32.6653469
1.79180341 -31.655048
-1.43058126 -31.077769
1.68360935 -30.1746944
-1.35959455 -29.6528399
1.58900841 -28.8391969
-1.29631467 -28.3649732
1.50549422 -27.6267477
-1.23946947 -27.1939272
1.43114943 -26.5199107
-1.1880598 -26.1234379
1.36448143 -25.5045459
-1.14128923 -25.1402599
1.30431023 -24.5690423
-1.09851445 -24.2334764
1.24969013 -23.7037602
-1.05920964 -23.3939946
1.19985391 -22.9006172
-1.02294045 -22.6141687
1.15417226 -22.1527766
-0.989344596 -21.8875146
1.11212386 -21.4544095
-0.95811726 -21.2084918
1.07327295 -20.80051
-0.92899993 -20.5723322
1.03725227 -20.1867511
-0.901771761 -19.9749069
1.00374998 -19.6093701
-0.876242819 -19.4126193
0.972499467 -19.0650768
-0.852248745 -18.8823198
0.94327132 -18.5509796
-0.829646502 -18.3812367
0.915866991 -18.0645257
-0.808310952 -17.9069199
0.890113705 -17.603451
-0.788132077 -17.4571939
0.865860353 -17.1657399
-0.769012711 -17.0301199
0.842974155 -16.7495911
-0.750866675 -16.6239636
0.821337919 -16.353389
-0.733617232 -16.2371682
0.800847794 -15.9756802
-0.717195794 -15.8683317
0.78141139 -15.6151527
-0.701540845 -15.516188
0.762946221 -15.2706191
-0.686597033 -15.1795901
0.74537839 -14.9410017
-0.672314394 -14.8574964
0.728641484 -14.6253198
-0.6586477 -14.5489583
0.712675637 -14.3226789
-0.645555894 -14.2531103
0.697426727 -14.0322611
-0.633001613 -13.9691604
0.682845697 -13.7533172
-0.620950767 -13.6963829
0.668887965 -13.4851591
-0.609372184 -13.4341108
0.655512916 -13.2271539
-0.598237293 -13.1817306
0.642683466 -12.9787182
-0.587519856 -12.9386761
0.630365681 -12.7393133
-0.577195725 -12.7044249
0.618528441 -12.5084411
-0.567242637 -12.478493
0.607143153 -12.28564
-0.557640027 -12.2604324
0.596183495 -12.0704817
-0.548368865 -12.049827
0.585625191 -11.8625683
-0.539411514 -11.84629
0.575445815 -11.6615294
-0.530751601 -11.6494613
0.565624611 -11.4670198
-0.522373905 -11.4590054
0.556142342 -11.2787176
-0.514264251 -11.2746091
0.546981153 -11.0963218
-0.506409424 -11.0959795
0.538124442 -10.919551
-0.498797087 -10.9228428
0.529556753 -10.7481416
-0.491415704 -10.7549424
0.52126368 -10.5818464
-0.484254478 -10.5920377
0.513231774 -10.4204335
-0.477303293 -10.4339027
0.505448466 -10.2636849
-0.470552656 -10.2803251
0.497901993 -10.1113955
-0.46399365 -10.1311051
0.490581339 -9.96337238
-0.457617893 -9.98605474
0.483476167 -9.81943355
-0.451417493 -9.84499662
0.476576776 -9.67940744
-0.445385017 -9.70776347
0.469874045 -9.54313206
-0.439513454 -9.57419735
0.463359395 -9.41045431
-0.433796186 -9.44414899
0.457024745 -9.28122943
-0.42822696 -9.31747717
0.450862478 -9.15532039
-0.422799863 -9.19404825
0.444865407 -9.03259741
-0.4175093 -9.07373558
0.439026744 -8.91293744
-0.412349971 -8.95641911
0.433340075 -8.79622375
-0.407316851 -8.84198494
0.427799332 -8.68234555
-0.402405173 -8.73032491
0.422398769 -8.57119757
-0.397610412 -8.62133625
0.417132942 -8.46267972
-0.39292827 -8.51492127
0.411996691 -8.3566968
-0.388354658 -8.41098702
0.406985118 -8.25315821
-0.383885689 -8.309445
0.402093572 -8.15197761
-0.37951766 -8.21021091
0.397317633 -8.05307275
-0.375247043 -8.11320439
0.3926531 -7.95636517
-0.371070479 -8.01834881
0.388095973 -7.86178002
-0.366984759 -7.92557104
0.383642446 -7.76924581
-0.362986824 -7.83480125
0.379288891 -7.67869428
-0.359073752 -7.74597271
0.375031849 -7.59006016
-0.355242751 -7.65902165
0.370868023 -7.50328106
-0.351491151 -7.57388709
0.366794264 -7.41829727
-0.347816398 -7.49051067
0.362807565 -7.33505163
-0.344216051 -7.40883651
0.358905054 -7.2534894
-0.340687768 -7.32881111
0.355083983 -7.17355813
-0.33722931 -7.25038318
0.351341727 -7.09520755
-0.333838527 -7.17350356
0.34767577 -7.01838943
-0.33051336 -7.0981251
0.344083705 -6.94305749
-0.327251833 -7.02420255
0.340563226 -6.86916734
-0.324052049 -6.95169248
0.337112123 -6.7966763
-0.320912188 -6.88055316
0.333728276 -6.72554341
-0.317830499 -6.81074451
0.330409653 -6.65572927
-0.314805302 -6.742228
0.327154301 -6.58719602
-0.31183498 -6.67496659
0.323960347 -6.51990723
-0.308917979 -6.60892464
0.320825991 -6.45382785
-0.306052802 -6.54406786
0.317749504 -6.38892413
-0.30323801 -6.48036322
0.314729224 -6.32516358
-0.300472217 -6.41777893
0.31176355 -6.2625149
-0.297754086 -6.35628437
0.308850945 -6.20094792
-0.29508233 -6.29585
0.305989927 -6.14043357
-0.29245571 -6.23644737
0.303179071 -6.08094379
-0.289873027 -6.17804903
0.300417004 -6.02245154
-0.287333129 -6.12062851
0.297702401 -5.96493072
-0.284834901 -6.06416024
0.295033987 -5.90835611
-0.282377267 -6.00861956
0.292410532 -5.8527034
-0.279959191 -5.95398265
0.289830849 -5.79794907
-0.277579668 -5.90022651
0.287293794 -5.74407043
-0.27523773 -5.84732889
0.284798262 -5.69104551
-0.27293244 -5.79526831
0.282343185 -5.63885311
-0.270662894 -5.74402399
0.279927534 -5.5874727
-0.268428214 -5.69357584
0.277550311 -5.53688444
-0.266227554 -5.64390442
0.275210557 -5.48706911
-0.264060094 -5.59499092
0.272907339 -5.43800814
-0.261925041 -5.54681714
0.270639759 -5.38968351
-0.259821627 -5.49936545
0.268406946 -5.34207781
-0.257749106 -5.45261879
0.266208059 -5.29517414
-0.25570676 -5.40656061
0.264042283 -5.24895617
-0.253693888 -5.36117489
0.261908829 -5.20340802
-0.251709815 -5.31644611
0.259806934 -5.15851434
-0.249753883 -5.27235922
0.257735857 -5.11426023
-0.247825457 -5.22889961
0.255694881 -5.07063124
-0.24592392 -5.18605314
0.253683312 -5.02761334
-0.244048672 -5.14380606
0.251700477 -4.98519294
-0.242199133 -5.10214506
0.249745723 -4.94335683
-0.240374738 -5.06105718
0.247818415 -4.90209219
-0.238574939 -5.02052989
0.245917941 -4.8613866
-0.236799205 -4.98055099
0.244043703 -4.82122795
-0.23504702 -4.94110863
0.242195124 -4.78160451
-0.233317882 -4.90219131
0.240371642 -4.74250487
-0.231611302 -4.86378785
0.238572712 -4.70391796
-0.229926807 -4.82588739
0.236797803 -4.66583298
-0.228263936 -4.78847938
0.235046402 -4.62823948
-0.226622242 -4.75155354
0.233318008 -4.59112726
-0.225001288 -4.71509989
0.231612137 -4.55448642
-0.223400651 -4.67910873
0.229928315 -4.51830731
-0.221819919 -4.6435706
0.228266085 -4.48258057
-0.220258689 -4.60847632
0.226624998 -4.44729706
-0.218716573 -4.57381694
0.225004622 -4.41244791
-0.217193189 -4.53958376
0.223404534 -4.37802446
-0.215688167 -4.50576829
0.221824323 -4.34401831
-0.214201147 -4.47236229
0.220263588 -4.31042123
-0.212731779 -4.43935771
0.218721942 -4.27722526
-0.211279719 -4.40674673
0.217199004 -4.24442261
-0.209844635 -4.37452172
0.215694406 -4.2120057
-0.208426201 -4.34267524
0.214207789 -4.17996713
-0.207024102 -4.31120005
0.212738801 -4.1482997
-0.205638029 -4.28008909
0.211287103 -4.11699641
-0.20426768 -4.24933548
0.209852362 -4.08605038
-0.202912763 -4.21893249
0.208434254 -4.05545496
-0.201572991 -4.1888736
0.207032463 -4.02520363
-0.200248085 -4.1591524
0.205646681 -3.99529003
-0.198937773 -4.12976267
0.204276609 -3.96570797
-0.197641789 -4.10069833
0.202921953 -3.9364514
-0.196359873 -4.07195346
0.201582429 -3.90751442
-0.195091773 -4.04352226
0.200257757 -3.87889126
-0.193837241 -4.01539908
0.198947666 -3.8505763
-0.192596035 -3.9875784
0.19765189 -3.82256405
-0.191367921 -3.96005485
0.196370171 -3.79484914
-0.190152668 -3.93282316
0.195102256 -3.76742633
-0.188950051 -3.90587818
0.193847899 -3.74029051
-0.18775985 -3.87921491
0.192606859 -3.71343668
-0.186581851 -3.85282844
0.191378899 -3.68685995
-0.185415844 -3.82671398
0.190163791 -3.66055555
-0.184261624 -3.80086685
0.188961311 -3.63451881
-0.183118991 -3.77528246
0.187771238 -3.60874517
-0.181987748 -3.74995636
0.186593359 -3.58323018
-0.180867705 -3.72488415
0.185427464 -3.55796948
-0.179758673 -3.70006158
0.184273349 -3.53295879
-0.17866047 -3.67548445
0.183130813 -3.50819396
-0.177572917 -3.65114867
0.181999661 -3.48367091
-0.176495837 -3.62705026
0.180879702 -3.45938564
-0.17542906 -3.60318528
0.179770749 -3.43533425
-0.174372418 -3.57954992
0.178672618 -3.41151293
-0.173325746 -3.55614043
0.17758513 -3.38791793
-0.172288884 -3.53295313
0.176508112 -3.3645456
-0.171261675 -3.50998445
0.175441391 -3.34139236
-0.170243964 -3.48723087
0.1743848 -3.3184547
-0.1692356 -3.46468895
0.173338174 -3.29572919
-0.168236436 -3.44235533
0.172301354 -3.27321247
-0.167246328 -3.4202267
0.171274182 -3.25090125
-0.166265133 -3.39829984
0.170256504 -3.22879231
-0.165292712 -3.37657159
0.169248169 -3.20688249
-0.164328931 -3.35503884
0.168249031 -3.18516869
-0.163373655 -3.33369858
0.167258944 -3.16364789
-0.162426754 -3.31254781
0.166277768 -3.14231712
-0.161488101 -3.29158363
0.165305363 -3.12117347
-0.16055757 -3.27080318
0.164341593 -3.10021409
-0.159635037 -3.25020367
0.163386327 -3.07943618
-0.158720383 -3.22978235
0.162439432 -3.058837
-0.15781349 -3.20953654
0.161500783 -3.03841387
-0.156914242 -3.1894636
0.160570252 -3.01816416
-0.156022525 -3.16956095
0.159647718 -2.99808527
-0.155138227 -3.14982604
0.158733061 -2.97817469
-0.154261241 -3.13025641
0.157826161 -2.95842993
-0.153391458 -3.11084961
0.156926905 -2.93884855
-0.152528774 -3.09160324
0.156035177 -2.91942816
-0.151673085 -3.07251498
0.155150868 -2.90016642
-0.150824291 -3.05358251
0.154273867 -2.88106103
-0.149982292 -3.03480358
0.153404068 -2.86210974
-0.149146991 -3.01617597
0.152541367 -2.84331032
-0.148318291 -2.99769752
0.151685659 -2.82466061
-0.147496101 -2.97936608
0.150836844 -2.80615847
-0.146680326 -2.96117957
0.149994822 -2.78780181
-0.145870878 -2.94313593
0.149159498 -2.76958857
-0.145067667 -2.92523315
0.148330774 -2.75151674
-0.144270605 -2.90746924
0.147508557 -2.73358434
-0.143479609 -2.88984225
0.146692755 -2.71578941
-0.142694592 -2.87235029
0.145883278 -2.69813006
-0.141915474 -2.85499147
0.145080037 -2.6806044
-0.141142172 -2.83776396
0.144282946 -2.66321059
-0.140374607 -2.82066594
0.143491917 -2.64594682
-0.139612701 -2.80369563
0.142706869 -2.62881131
-0.138856378 -2.7868513
0.141927717 -2.61180232
-0.138105561 -2.77013123
0.141154381 -2.59491813
-0.137360176 -2.75353373
0.140386782 -2.57815705
-0.13662015 -2.73705715
0.13962484 -2.56151743
-0.135885413 -2.72069986
0.138868481 -2.54499764
-0.135155892 -2.70446026
0.138117627 -2.52859607
-0.13443152 -2.68833678
0.137372204 -2.51231116
-0.133712227 -2.67232788
0.136632141 -2.49614135
-0.132997948 -2.65643204
0.135897365 -2.48008513
-0.132288615 -2.64064776
0.135167805 -2.464141
-0.131584165 -2.62497358
0.134443393 -2.44830749
-0.130884535 -2.60940805
0.133724061 -2.43258316
-0.13018966 -2.59394977
0.133009741 -2.41696659
-0.12949948 -2.57859732
0.132300368 -2.40145637
-0.128813935 -2.56334934
0.131595877 -2.38605114
-0.128132964 -2.54820448
0.130896205 -2.37074953
-0.127456509 -2.53316142
0.130201288 -2.35555023
-0.126784513 -2.51821884
0.129511066 -2.34045192
-0.126116919 -2.50337546
0.128825479 -2.32545332
-0.12545367 -2.48863002
0.128144465 -2.31055315
-0.124794713 -2.47398128
0.127467968 -2.29575018
-0.124139994 -2.45942801
0.126795929 -2.28104318
-0.123489458 -2.444969
0.126128292 -2.26643093
-0.122843054 -2.43060308
0.125465 -2.25191226
-0.12220073 -2.41632908
0.124806 -2.23748599
-0.121562436 -2.40214584
0.124151237 -2.22315097
-0.120928121 -2.38805224
0.123500658 -2.20890608
-0.120297737 -2.37404717
0.12285421 -2.19475019
-0.119671235 -2.36012954
0.122211843 -2.1806822
-0.119048568 -2.34629825
0.121573505 -2.16670105
-0.118429689 -2.33255227
0.120939146 -2.15280565
-0.117814551 -2.31889052
0.120308719 -2.13899497
-0.117203108 -2.305312
0.119682173 -2.12526798
-0.116595318 -2.29181569
0.119059462 -2.11162365
-0.115991134 -2.27840058
0.118440539 -2.09806099
-0.115390514 -2.2650657
0.117825357 -2.08457901
-0.114793415 -2.25181008
0.117213871 -2.07117673
-0.114199794 -2.23863276
0.116606036 -2.05785321
-0.113609611 -2.22553281
0.116001809 -2.0446075
-0.113022824 -2.21250929
0.115401145 -2.03143867
-0.112439393 -2.19956131
0.114804003 -2.0183458
-0.111859278 -2.18668795
0.114210339 -2.005328
-0.11128244 -2.17388833
0.113620112 -1.99238438
-0.11070884 -2.16116159
0.113033282 -1.97951406
-0.110138441 -2.14850686
0.112449807 -1.96671617
-0.109571204 -2.13592329
0.111869649 -1.95398988
-0.109007094 -2.12341005
0.111292768 -1.94133433
-0.108446073 -2.11096632
0.110719126 -1.92874871
-0.107888105 -2.09859128
0.110148684 -1.9162322
-0.107333156 -2.08628414
0.109581405 -1.90378399
-0.10678119 -2.07404411
0.109017252 -1.8914033
-0.106232173 -2.0618704
0.108456189 -1.87908935
-0.10568607 -2.04976226
0.107898179 -1.86684136
-0.105142849 -2.03771893
0.107343188 -1.85465858
-0.104602477 -2.02573966
0.10679118 -1.84254026
-0.10406492 -2.01382372
0.106242121 -1.83048565
-0.103530147 -2.00197038
0.105695977 -1.81849404
-0.102998126 -1.99017893
0.105152715 -1.80656471
-0.102468826 -1.97844866
0.104612301 -1.79469694
-0.101942216 -1.96677888
0.104074703 -1.78289004
-0.101418266 -1.9551689
0.103539889 -1.77114333
-0.100896945 -1.94361805
0.103007828 -1.75945611
-0.100378224 -1.93212566
0.102478487 -1.74782772
-0.0998620742 -1.92069106
0.101951837 -1.73625751
-0.0993484663 -1.90931362
0.101427846 -1.7247448
-0.0988373721 -1.89799268
0.100906485 -1.71328897
-0.0983287633 -1.88672762
0.100387725 -1.70188938
-0.0978226125 -1.87551782
0.0998715355 -1.69054539
-0.0973188921 -1.86436265
0.0993578883 -1.6792564
-0.0968175753 -1.8532615
0.0988467548 -1.66802178
-0.0963186355 -1.84221379
0.0983381072 -1.65684095
-0.0958220463 -1.83121891
0.0978319175 -1.64571329
-0.0953277818 -1.82027628
0.0973281586 -1.63463822
-0.0948358164 -1.80938533
0.0968268035 -1.62361517
-0.0943461249 -1.79854548
0.0963278255 -1.61264356
-0.0938586821 -1.78775617
0.0958311984 -1.60172283
-0.0933734636 -1.77701685
0.0953368962 -1.59085241
-0.0928904449 -1.76632697
0.0948448932 -1.58003176
-0.092409602 -1.75568598
0.0943551643 -1.56926034
-0.0919309112 -1.74509336
0.0938676845 -1.55853759
-0.091454349 -1.73454857
0.0933824291 -1.547863
-0.0909798923 -1.72405109
0.0928993737 -1.53723604
-0.0905075181 -1.71360041
0.0924184943 -1.5266562
-0.090037204 -1.70319602
0.0919397672 -1.51612295
-0.0895689276 -1.69283742
0.0914631689 -1.5056358
-0.0891026667 -1.68252411
0.0909886763 -1.49519425
-0.0886383998 -1.6722556
0.0905162666 -1.4847978
-0.0881761051 -1.66203141
0.090045917 -1.47444596
-0.0877157616 -1.65185106
0.0895776053 -1.46413827
-0.0872573481 -1.64171407
0.0891113095 -1.45387423
-0.0868008439 -1.63161998
0.0886470077 -1.44365339
-0.0863462286 -1.62156833
0.0881846785 -1.43347527
-0.0858934817 -1.61155866
0.0877243005 -1.42333942
-0.0854425834 -1.60159053
0.0872658529 -1.41324539
-0.0849935137 -1.59166348
0.0868093147 -1.40319273
-0.0845462532 -1.58177707
0.0863546656 -1.39318099
-0.0841007824 -1.57193088
0.0859018852 -1.38320973
-0.0836570823 -1.56212447
0.0854509535 -1.37327854
-0.083215134 -1.55235742
0.0850018508 -1.36338697
-0.0827749187 -1.5426293
0.0845545573 -1.3535346
-0.082336418 -1.53293971
0.0841090538 -1.34372103
-0.0818996137 -1.52328822
0.0836653212 -1.33394583
-0.0814644876 -1.51367444
0.0832233406 -1.32420859
-0.0810310219 -1.50409797
0.0827830932 -1.31450892
-0.080599199 -1.49455841
0.0823445607 -1.30484641
-0.0801690014 -1.48505536
0.0819077246 -1.29522067
-0.0797404118 -1.47558844
0.0814725671 -1.28563131
-0.0793134132 -1.46615726
0.0810390701 -1.27607794
-0.0788879886 -1.45676145
0.0806072162 -1.26656018
-0.0784641214 -1.44740063
0.0801769877 -1.25707765
-0.078041795 -1.43807443
0.0797483674 -1.24762999
-0.077620993 -1.42878248
0.0793213383 -1.23821681
-0.0772016994 -1.41952442
0.0788958834 -1.22883776
-0.076783898 -1.4102999
0.0784719861 -1.21949247
-0.0763675732 -1.40110854
0.0780496298 -1.21018059
-0.0759527091 -1.39195002
0.0776287982 -1.20090177
-0.0755392904 -1.38282397
0.0772094751 -1.19165564
-0.0751273016 -1.37373005
0.0767916444 -1.18244187
-0.0747167277 -1.36466792
0.0763752905 -1.17326011
-0.0743075536 -1.35563725
0.0759603975 -1.16411003
-0.0738997644 -1.3466377
0.0755469501 -1.15499129
-0.0734933454 -1.33766895
0.0751349328 -1.14590355
-0.0730882822 -1.32873066
0.0747243305 -1.13684649
-0.0726845601 -1.31982251
0.0743151282 -1.12781979
-0.0722821652 -1.31094419
0.0739073111 -1.11882311
-0.0718810831 -1.30209538
0.0735008644 -1.10985615
-0.0714812999 -1.29327576
0.0730957735 -1.10091858
-0.0710828018 -1.28448503
0.0726920241 -1.0920101
-0.0706855751 -1.27572287
0.0722896019 -1.0831304
-0.0702896062 -1.26698899
0.0718884927 -1.07427916
-0.0698948818 -1.25828308
0.0714886827 -1.06545609
-0.0695013884 -1.24960484
0.071090158 -1.05666088
-0.069109113 -1.24095399
0.0706929048 -1.04789325
-0.0687180424 -1.23233023
0.0702969096 -1.03915289
-0.0683281639 -1.22373326
0.069902159 -1.03043951
-0.0679394645 -1.21516281
0.0695086396 -1.02175283
-0.0675519317 -1.20661859
0.0691163384 -1.01309256
-0.0671655528 -1.19810031
0.0687252423 -1.00445841
-0.0667803155 -1.18960771
0.0683353383 -0.995850108
-0.0663962074 -1.18114051
0.0679466137 -0.987267376
-0.0660132164 -1.17269842
0.0675590557 -0.978709937
-0.0656313303 -1.16428119
0.0671726519 -0.970177519
-0.0652505372 -1.15588854
0.0667873899 -0.961669852
-0.0648708253 -1.14752021
0.0664032572 -0.953186668
-0.0644921827 -1.13917594
0.0660202418 -0.944727702
-0.0641145978 -1.13085546
0.0656383314 -0.936292692
-0.063738059 -1.12255852
0.0652575142 -0.927881378
-0.0633625551 -1.11428486
0.0648777783 -0.919493501
-0.0629880745 -1.10603423
0.064499112 -0.911128807
-0.0626146061 -1.09780638
0.0641215035 -0.902787042
-0.0622421387 -1.08960106
0.0637449413 -0.894467955
-0.0618706613 -1.08141802
0.063369414 -0.886171297
-0.0615001629 -1.07325702
0.0629949103 -0.877896822
-0.0611306327 -1.06511781
0.0626214189 -0.869644286
-0.06076206 -1.05700016
0.0622489287 -0.861413445
-0.060394434 -1.04890382
0.0618774287 -0.853204061
-0.0600277443 -1.04082857
0.0615069078 -0.845015894
-0.0596619803 -1.03277416
0.0611373553 -0.836848709
-0.0592971316 -1.02474036
0.0607687603 -0.828702272
-0.0589331879 -1.01672696
0.0604011123 -0.82057635
-0.058570139 -1.0087337
0.0600344007 -0.812470713
-0.0582079747 -1.00076038
0.0596686149 -0.804385134
-0.0578466851 -0.992806765
0.0593037446 -0.796319385
-0.0574862601 -0.984872632
0.0589397794 -0.788273242
-0.0571266898 -0.976957762
0.0585767092 -0.780246482
-0.0567679644 -0.969061935
0.0582145238 -0.772238885
-0.0564100742 -0.961184936
0.0578532131 -0.764250231
-0.0560530095 -0.953326547
0.0574927672 -0.756280304
-0.0556967608 -0.945486557
0.0571331762 -0.748328886
-0.0553413184 -0.937664751
0.0567744302 -0.740395766
-0.0549866731 -0.929860922
0.0564165195 -0.732480729
-0.0546328154 -0.922074859
0.0560594345 -0.724583566
-0.054279736 -0.914306355
0.0557031656 -0.716704067
-0.0539274258 -0.906555206
0.0553477032 -0.708842026
-0.0535758755 -0.898821208
0.054993038 -0.700997235
-0.0532250761 -0.891104157
0.0546391605 -0.693169492
-0.0528750185 -0.883403854
0.0542860615 -0.685358593
-0.0525256939 -0.875720098
0.0539337317 -0.677564338
-0.0521770933 -0.868052693
0.053582162 -0.669786525
-0.0518292079 -0.860401442
0.0532313434 -0.662024958
-0.0514820289 -0.852766149
0.0528812667 -0.654279439
-0.0511355477 -0.845146622
0.052531923 -0.646549773
-0.0507897556 -0.837542669
0.0521833036 -0.638835766
-0.0504446441 -0.829954098
0.0518353994 -0.631137224
-0.0501002046 -0.82238072
0.0514882018 -0.623453958
-0.0497564287 -0.814822347
0.0511417022 -0.615785776
-0.049413308 -0.807278793
0.0507958917 -0.608132491
-0.0490708341 -0.799749871
0.0504507619 -0.600493915
-0.0487289988 -0.792235399
0.0501063043 -0.592869861
-0.0483877937 -0.784735192
0.0497625104 -0.585260146
-0.0480472109 -0.77724907
0.0494193718 -0.577664585
-0.0477072421 -0.769776851
0.0490768801 -0.570082996
-0.0473678792 -0.762318356
0.0487350271 -0.562515198
-0.0470291143 -0.754873408
0.0483938046 -0.554961011
-0.0466909393 -0.74744183
0.0480532043 -0.547420256
-0.0463533465 -0.740023444
0.0477132182 -0.539892756
-0.0460163278 -0.732618078
0.0473738381 -0.532378333
-0.0456798754 -0.725225557
0.0470350561 -0.524876813
-0.0453439817 -0.717845709
0.0466968642 -0.517388021
-0.0450086389 -0.710478362
0.0463592545 -0.509911783
-0.0446738393 -0.703123346
0.0460222191 -0.502447929
-0.0443395752 -0.695780491
0.0456857501 -0.494996285
-0.0440058391 -0.68844963
0.0453498399 -0.487556683
-0.0436726235 -0.681130595
0.0450144806 -0.480128952
-0.0433399207 -0.67382322
0.0446796647 -0.472712926
-0.0430077235 -0.666527338
0.0443453844 -0.465308436
-0.0426760243 -0.659242787
0.0440116322 -0.457915316
-0.0423448158 -0.651969402
0.0436784006 -0.450533401
-0.0420140907 -0.644707021
0.0433456819 -0.443162527
-0.0416838416 -0.637455482
0.0430134689 -0.43580253
-0.0413540613 -0.630214625
0.0426817541 -0.428453247
-0.0410247427 -0.622984289
0.04235053 -0.421114518
-0.0406958784 -0.615764315
0.0420197894 -0.41378618
-0.0403674613 -0.608554546
0.0416895249 -0.406468074
-0.0400394845 -0.601354824
0.0413597293 -0.399160041
-0.0397119407 -0.594164993
0.0410303954 -0.391861922
-0.0393848229 -0.586984896
0.040701516 -0.38457356
-0.0390581242 -0.57981438
0.040373084 -0.377294798
-0.0387318376 -0.572653289
0.0400450922 -0.37002548
-0.0384059561 -0.56550147
0.0397175336 -0.362765452
-0.0380804729 -0.558358771
0.0393904012 -0.355514557
-0.037755381 -0.55122504
0.0390636878 -0.348272643
-0.0374306737 -0.544100126
0.0387373867 -0.341039557
-0.0371063441 -0.536983877
0.0384114908 -0.333815146
-0.0367823855 -0.529876145
0.0380859932 -0.326599259
-0.036458791 -0.52277678
0.0377608871 -0.319391744
-0.0361355541 -0.515685634
0.0374361656 -0.312192452
-0.0358126679 -0.508602559
0.0371118219 -0.305001233
-0.0354901259 -0.501527408
0.0367878492 -0.297817937
-0.0351679213 -0.494460034
0.0364642409 -0.290642417
-0.0348460477 -0.487400291
0.0361409901 -0.283474524
-0.0345244983 -0.480348035
0.0358180902 -0.276314112
-0.0342032667 -0.47330312
0.0354955345 -0.269161035
-0.0338823463 -0.466265402
0.0351733163 -0.262015145
-0.0335617306 -0.459234738
0.0348514292 -0.254876297
-0.0332414132 -0.452210985
0.0345298664 -0.247744348
-0.0329213875 -0.445193999
0.0342086215 -0.240619152
-0.0326016471 -0.43818364
0.0338876878 -0.233500565
-0.0322821856 -0.431179766
0.033567059 -0.226388445
-0.0319629967 -0.424182236
0.0332467284 -0.219282649
-0.0316440739 -0.417190909
0.0329266897 -0.212183033
-0.0313254108 -0.410205646
0.0326069364 -0.205089458
-0.0310070013 -0.403226307
0.032287462 -0.19800178
-0.0306888389 -0.396252753
0.0319682603 -0.19091986
-0.0303709173 -0.389284846
0.0316493247 -0.183843556
-0.0300532304 -0.382322447
0.0313306491 -0.17677273
-0.0297357717 -0.375365419
0.031012227 -0.169707241
-0.0294185352 -0.368413624
0.030694052 -0.16264695
-0.0291015145 -0.361466926
0.0303761181 -0.155591718
-0.0287847035 -0.354525188
0.0300584187 -0.148541407
-0.0284680959 -0.347588273
0.0297409478 -0.14149588
-0.0281516857 -0.340656047
0.029423699 -0.134454998
-0.0278354666 -0.333728374
0.0291066662 -0.127418624
-0.0275194325 -0.326805119
0.0287898431 -0.120386621
-0.0272035773 -0.319886147
0.0284732235 -0.113358853
-0.0268878948 -0.312971324
0.0281568013 -0.106335183
-0.026572379 -0.306060516
0.0278405703 -0.0993154763
-0.0262570238 -0.299153589
0.0275245244 -0.0922995961
-0.0259418231 -0.292250409
0.0272086575 -0.0852874073
-0.0256267707 -0.285350844
0.0268929633 -0.078278775
-0.0253118608 -0.278454761
0.0265774359 -0.0712735644
-0.0249970872 -0.271562026
0.0262620691 -0.0642716408
-0.0246824439 -0.264672509
0.0259468568 -0.0572728701
-0.0243679249 -0.257786076
0.0256317931 -0.0502771182
-0.0240535242 -0.250902595
0.0253168717 -0.0432842512
-0.0237392357 -0.244021936
0.0250020868 -0.0362941356
-0.0234250535 -0.237143967
0.0246874323 -0.0293066381
-0.0231109716 -0.230268555
0.024372902 -0.0223216253
-0.0227969839 -0.223395572
0.0240584901 -0.0153389644
-0.0224830846 -0.216524885
0.0237441905 -0.00835852245
-0.0221692677 -0.209656363
0.0234299973 -0.00138016687
-0.0218555272 -0.202789878
0.0231159043 0.00559623485
-0.0215418571 -0.195925297
0.0228019058 0.012570815
-0.0212282516 -0.189062491
0.0224879956 0.0195437059
-0.0209147046 -0.18220133
0.0221741678 0.0265150396
-0.0206012102 -0.175341683
0.0218604165 0.033484948
-0.0202877625 -0.168483422
0.0215467357 0.0404535629
-0.0199743556 -0.161626416
0.0212331195 0.0474210162
-0.0196609835 -0.154770536
0.0209195618 0.0543874394
-0.0193476403 -0.147915651
0.0206060569 0.0613529643
-0.0190343201 -0.141061633
0.0202925986 0.0683177223
-0.0187210169 -0.134208353
0.0199791812 0.0752818448
-0.0184077249 -0.12735568
0.0196657987 0.0822454633
-0.0180944381 -0.120503486
0.0193524451 0.0892087091
-0.0177811506 -0.113651641
0.0190391145 0.0961717137
-0.0174678565 -0.106800016
0.018725801 0.103134608
-0.0171545499 -0.099948482
0.0184124987 0.110097524
-0.0168412248 -0.0930969094
0.0180992017 0.117060593
-0.0165278753 -0.0862451693
0.017785904 0.124023946
-0.0162144955 -0.0793931322
0.0174725998 0.130987714
END
